0
0
2
2
3
4
6
6
7
8
9
10
11
12
13
13
14
15
15
15
16
18
18
18
22
23
24
25
27
29
34
35
35
37
38
38
38
38
39
41
41
41
43
48
50
50
52
52
52
53
56
58
58
59
59
59
60
61
61
62
63
65
65
65
67
70
71
72
72
73
74
78
78
79
79
81
83
85
85
86
87
88
90
90
91
96
96
97
97
101
103
105
106
107
109
109
110
111
111
111
112
112
115
115
116
116
116
117
119
121
122
122
124
124
125
126
128
128
130
132
133
134
137
137
143
145
145
147
149
149
150
151
153
154
154
154
155
156
157
159
159
160
161
162
163
164
164
164
164
166
166
168
169
169
170
170
174
174
178
179
179
180
180
180
182
184
184
185
185
186
189
190
191
191
192
194
194
194
195
196
196
197
197
200
200
200
201
204
206
206
207
209
211
211
214
215
215
216
216
217
217
217
218
218
220
222
222
225
226
226
227
227
227
228
228
229
231
232
233
234
234
235
238
240
240
241
243
243
246
247
247
248
250
251
251
251
252
252
254
254
257
259
261
261
263
264
264
268
271
274
277
277
278
278
279
280
281
282
283
284
285
287
287
290
291
294
295
299
299
301
303
303
305
305
306
307
307
307
308
308
310
311
312
312
312
313
318
319
320
320
321
322
323
325
328
329
331
331
332
335
336
337
342
343
345
345
347
347
347
348
353
354
355
356
358
359
359
359
360
361
362
362
363
363
365
367
369
369
371
372
377
379
379
379
381
381
382
384
384
384
385
385
387
387
387
388
388
389
393
393
394
394
394
396
398
400
400
400
403
405
406
406
408
409
409
410
413
414
415
415
416
420
421
422
423
423
425
426
426
426
427
429
429
429
433
433
434
435
439
439
440
440
440
440
441
441
441
443
443
444
444
445
446
446
447
448
449
451
452
454
454
454
455
456
457
457
458
461
461
462
464
464
465
465
465
466
467
468
469
469
471
474
474
477
478
479
481
481
481
485
486
490
491
492
492
492
494
495
497
498
499
499
501
502
503
506
506
507
508
508
509
510
510
511
511
513
514
515
515
516
517
518
519
521
521
521
522
524
525
528
531
532
532
534
535
536
536
537
537
538
538
538
539
539
539
539
542
542
543
544
545
545
548
549
550
551
551
552
552
553
553
554
554
557
559
559
560
560
563
564
568
570
574
574
579
579
580
582
587
588
589
589
590
591
591
595
595
596
596
598
599
599
600
601
601
603
604
605
607
607
607
609
611
613
614
614
614
615
615
618
618
618
619
619
622
623
623
624
624
625
628
629
629
630
630
631
632
633
635
637
639
640
640
641
641
641
643
644
645
646
646
647
648
650
650
651
653
654
656
657
661
662
665
667
667
669
670
671
672
675
675
676
678
679
680
681
683
683
685
685
686
687
688
689
689
689
690
691
692
692
692
693
695
696
697
697
698
701
703
703
704
705
705
705
713
713
714
714
714
715
717
717
718
719
719
719
720
720
721
721
721
721
722
722
723
726
727
730
730
731
731
733
733
734
736
739
740
742
746
748
749
749
751
751
752
753
754
754
758
761
761
761
763
764
765
765
766
766
768
770
771
772
773
773
774
775
779
780
781
782
783
783
783
784
784
784
787
788
788
788
790
790
791
794
794
795
795
796
799
802
802
803
808
810
810
812
814
815
817
820
822
824
825
826
826
827
830
830
831
832
832
832
833
835
835
835
838
839
840
841
842
843
843
845
846
846
848
848
850
851
851
852
853
855
856
857
862
863
865
866
866
867
867
867
870
870
873
874
875
876
877
880
880
883
883
887
890
890
893
894
895
897
897
897
898
900
900
901
901
902
902
902
903
903
904
904
904
905
905
905
909
912
912
913
917
917
919
922
923
923
924
924
925
929
929
929
931
932
932
932
935
935
937
937
937
937
938
939
939
940
944
944
944
945
946
946
946
948
948
949
949
950
955
957
959
960
960
960
960
961
961
962
962
964
966
966
967
968
969
969
970
970
973
975
977
978
978
978
980
982
983
983
985
986
986
987
988
989
991
992
993
994
995
997
998
1000
1002
1003
1004
1004
1006
1007
1009
1009
1009
1010
1010
1011
1011
1014
1014
1017
1017
1019
1021
1023
1024
1025
1026
1028
1028
1029
1031
1031
1033
1033
1033
1033
1035
1038
1038
1040
1044
1045
1046
1047
1048
1049
1052
1052
1053
1054
1056
1059
1059
1062
1062
1064
1064
1065
1066
1069
1070
1070
1070
1073
1073
1073
1074
1075
1076
1077
1078
1079
1081
1081
1081
1083
1083
1084
1086
1087
1090
1091
1092
1093
1093
1094
1094
1099
1101
1103
1103
1104
1110
1111
1114
1115
1118
1120
1122
1124
1125
1126
1126
1128
1129
1129
1129
1130
1132
1132
1133
1134
1135
1135
1136
1137
1139
1140
1141
1142
1142
1143
1145
1145
1147
1147
1148
1150
1152
1153
1154
1155
1155
1155
1156
1157
1157
1157
1159
1160
1161
1162
1162
1164
1164
1165
1165
1166
1170
1173
1175
1176
1176
1176
1177
1177
1178
1179
1183
1184
1186
1186
1189
1189
1189
1190
1190
1190
1190
1191
1192
1192
1193
1197
1198
1198
1202
1203
1204
1204
1204
1204
1205
1206
1207
1207
1208
1209
1210
1211
1213
1215
1217
1219
1219
1219
1220
1220
1221
1222
1222
1223
1226
1226
1227
1227
1228
1228
1229
1229
1229
1230
1231
1232
1233
1234
1235
1235
1236
1238
1239
1240
1242
1243
1245
1247
1248
1248
1249
1250
1250
1250
1251
1251
1252
1256
1257
1257
1258
1258
1260
1260
1262
1263
1263
1265
1265
1270
1272
1273
1274
1275
1276
1278
1278
1279
1280
1282
1283
1283
1286
1288
1288
1288
1290
1291
1291
1293
1294
1295
1297
1298
1298
1298
1300
1301
1302
1302
1303
1305
1310
1310
1310
1312
1314
1315
1315
1315
1316
1318
1318
1322
1322
1324
1329
1330
1334
1338
1338
1338
1339
1339
1340
1342
1342
1344
1344
1345
1349
1350
1350
1351
1351
1352
1352
1353
1354
1355
1355
1356
1359
1359
1359
1359
1360
1360
1362
1363
1363
1364
1366
1367
1369
1370
1371
1373
1373
1375
1376
1377
1379
1381
1382
1382
1383
1386
1387
1388
1389
1390
1391
1391
1393
1394
1394
1396
1397
1397
1398
1398
1398
1398
1399
1400
1402
1402
1402
1402
1404
1406
1408
1410
1410
1410
1411
1412
1412
1416
1417
1418
1419
1421
1423
1424
1426
1429
1431
1433
1433
1433
1434
1437
1438
1439
1439
1440
1442
1443
1443
1444
1445
1446
1447
1448
1450
1451
1452
1453
1454
1454
1455
1456
1456
1457
1458
1459
1459
1459
1463
1465
1465
1467
1469
1469
1470
1471
1472
1475
1476
1477
1478
1478
1479
1479
1480
1483
1485
1485
1486
1489
1489
1491
1493
1493
1495
1496
1496
1497
1498
1498
1498
1499
1500
1500
1508
1513
1514
1515
1515
1516
1518
1519
1519
1520
1520
1521
1521
1522
1522
1522
1523
1523
1524
1524
1524
1525
1527
1527
1531
1532
1532
1533
1534
1534
1537
1539
1539
1541
1543
1543
1544
1544
1546
1546
1548
1550
1550
1551
1551
1552
1558
1558
1558
1560
1560
1560
1560
1562
1564
1565
1565
1567
1568
1568
1569
1569
1569
1570
1570
1571
1572
1573
1573
1575
1575
1576
1577
1577
1578
1579
1583
1583
1584
1584
1584
1585
1585
1585
1586
1587
1589
1591
1592
1594
1594
1596
1596
1597
1597
1599
1600
1600
1603
1603
1606
1606
1608
1609
1610
1612
1612
1614
1615
1616
1616
1616
1617
1617
1618
1619
1619
1621
1622
1622
1624
1626
1626
1632
1633
1634
1634
1635
1636
1636
1636
1637
1638
1638
1641
1642
1642
1644
1645
1646
1646
1646
1646
1646
1648
1649
1649
1650
1650
1651
1651
1653
1655
1657
1657
1658
1661
1662
1664
1666
1666
1666
1667
1668
1668
1668
1670
1671
1672
1673
1673
1674
1674
1674
1676
1677
1678
1678
1682
1685
1685
1686
1689
1690
1691
1691
1691
1693
1697
1702
1702
1702
1704
1710
1710
1714
1717
1717
1718
1719
1719
1719
1720
1720
1721
1722
1722
1723
1723
1725
1726
1727
1727
1728
1728
1731
1731
1732
1732
1732
1732
1734
1734
1734
1735
1735
1735
1736
1736
1739
1740
1741
1741
1742
1744
1746
1746
1748
1749
1754
1754
1757
1757
1758
1759
1761
1763
1764
1764
1765
1766
1767
1772
1773
1774
1776
1777
1779
1779
1781
1784
1784
1784
1785
1785
1785
1786
1787
1787
1788
1789
1791
1792
1792
1792
1794
1795
1795
1795
1795
1795
1796
1796
1797
1797
1797
1800
1800
1801
1803
1808
1809
1810
1810
1811
1811
1812
1813
1814
1817
1820
1821
1823
1825
1826
1827
1828
1828
1830
1832
1833
1833
1833
1834
1835
1835
1838
1839
1841
1841
1842
1843
1843
1844
1846
1846
1850
1853
1855
1856
1857
1857
1858
1859
1860
1861
1862
1863
1863
1867
1871
1872
1872
1873
1875
1879
1879
1880
1882
1883
1884
1885
1885
1890
1891
1891
1891
1891
1892
1892
1892
1893
1893
1895
1895
1895
1897
1898
1898
1899
1901
1901
1902
1903
1903
1905
1905
1906
1906
1906
1909
1911
1913
1915
1916
1917
1918
1919
1919
1920
1922
1922
1923
1924
1924
1925
1925
1926
1927
1931
1932
1933
1934
1935
1935
1939
1939
1939
1940
1940
1940
1941
1942
1942
1942
1943
1943
1945
1945
1946
1947
1948
1952
1953
1954
1956
1957
1958
1958
1959
1969
1969
1971
1972
1973
1974
1977
1978
1980
1982
1983
1984
1984
1984
1984
1986
1986
1987
1988
1993
1993
1995
1996
1996
1996
1997
1999
2000
2001
2001
2004
2005
2005
2006
2006
2007
2011
2012
2012
2013
2015
2015
2016
2016
2017
2017
2017
2019
2019
2019
2020
2021
2024
2026
2026
2027
2028
2028
2031
2031
2032
2032
2034
2035
2037
2037
2038
2039
2039
2040
2040
2040
2047
2048
2050
2051
2052
2054
2056
2057
2057
2062
2064
2065
2066
2067
2067
2067
2071
2074
2075
2075
2075
2075
2076
2077
2077
2077
2078
2078
2082
2083
2083
2083
2083
2085
2085
2085
2086
2088
2091
2091
2092
2093
2095
2096
2099
2099
2099
2100
2100
2100
2101
2102
2102
2105
2107
2107
2108
2109
2113
2114
2114
2117
2117
2119
2120
2121
2121
2122
2123
2124
2125
2127
2127
2128
2130
2130
2130
2131
2131
2132
2133
2135
2138
2140
2140
2141
2142
2144
2146
2147
2147
2149
2150
2153
2153
2155
2155
2159
2160
2164
2166
2167
2167
2169
2169
2170
2170
2171
2171
2171
2173
2174
2176
2179
2179
2182
2182
2183
2184
2185
2186
2189
2190
2193
2194
2194
2194
2196
2196
2196
2198
2199
2200
2200
2201
2201
2204
2204
2206
2208
2208
2209
2211
2214
2215
2215
2217
2218
2219
2219
2219
2220
2221
2222
2222
2223
2225
2228
2228
2229
2232
2233
2233
2234
2234
2234
2236
2236
2236
2238
2238
2240
2243
2244
2244
2245
2246
2247
2247
2248
2251
2251
2252
2253
2253
2255
2259
2259
2259
2260
2262
2266
2267
2267
2268
2270
2272
2273
2274
2275
2275
2275
2276
2277
2278
2279
2280
2280
2281
2282
2283
2284
2284
2284
2284
2285
2285
2285
2287
2287
2289
2290
2290
2297
2297
2299
2306
2307
2308
2310
2311
2311
2318
2318
2318
2320
2321
2322
2323
2327
2331
2332
2332
2333
2333
2337
2341
2344
2344
2348
2351
2355
2356
2357
2359
2360
2362
2363
2364
2364
2364
2364
2365
2366
2367
2368
2370
2373
2374
2376
2376
2378
2379
2380
2383
2383
2384
2384
2385
2387
2391
2391
2392
2393
2395
2396
2396
2397
2397
2398
2399
2400
2400
2400
2404
2406
2406
2408
2409
2410
2410
2410
2411
2412
2414
2415
2415
2418
2419
2419
2422
2422
2426
2427
2428
2428
2430
2431
2431
2435
2437
2438
2438
2439
2439
2442
2442
2444
2444
2446
2448
2449
2450
2450
2452
2452
2453
2453
2454
2454
2457
2458
2460
2466
2467
2469
2470
2471
2473
2473
2473
2473
2474
2475
2475
2475
2479
2479
2479
2480
2483
2484
2490
2491
2492
2492
2494
2494
2494
2494
2495
2497
2497
2498
2503
2504
2505
2506
2507
2507
2507
2509
2511
2512
2515
2515
2516
2517
2518
2519
2520
2522
2523
2525
2525
2526
2526
2526
2526
2527
2530
2531
2533
2533
2533
2537
2539
2539
2539
2540
2540
2542
2543
2543
2544
2544
2546
2550
2552
2554
2555
2555
2556
2560
2564
2568
2569
2569
2570
2571
2573
2573
2574
2578
2578
2579
2581
2583
2584
2585
2585
2586
2592
2592
2592
2596
2597
2598
2598
2600
2600
2600
2600
2601
2603
2604
2605
2606
2606
2606
2609
2610
2611
2611
2611
2613
2615
2616
2618
2618
2619
2619
2620
2620
2621
2621
2622
2627
2628
2631
2633
2635
2635
2636
2636
2638
2638
2639
2639
2640
2640
2641
2641
2642
2642
2645
2646
2646
2648
2649
2649
2651
2653
2653
2655
2655
2655
2656
2657
2660
2660
2660
2661
2661
2663
2664
2664
2665
2667
2668
2669
2670
2670
2672
2672
2672
2673
2673
2673
2674
2675
2675
2675
2675
2677
2678
2679
2679
2681
2682
2684
2685
2687
2690
2691
2691
2696
2697
2698
2699
2701
2709
2709
2710
2715
2715
2715
2717
2719
2720
2721
2721
2722
2722
2723
2723
2724
2724
2726
2727
2728
2728
2728
2729
2733
2734
2735
2736
2737
2737
2738
2738
2739
2741
2744
2744
2746
2746
2746
2747
2748
2749
2752
2754
2754
2754
2756
2758
2758
2758
2760
2762
2762
2764
2764
2768
2768
2769
2770
2773
2773
2776
2776
2777
2778
2778
2780
2780
2781
2784
2786
2787
2788
2788
2788
2789
2790
2790
2791
2792
2792
2794
2794
2795
2796
2798
2799
2799
2803
2803
2804
2808
2808
2808
2809
2811
2814
2815
2816
2819
2820
2821
2823
2825
2825
2826
2828
2830
2830
2831
2833
2836
2836
2836
2837
2837
2837
2838
2840
2842
2843
2843
2845
2845
2846
2846
2847
2847
2847
2848
2848
2850
2852
2852
2853
2853
2853
2858
2858
2859
2859
2861
2861
2861
2862
2862
2866
2866
2866
2866
2866
2867
2868
2868
2869
2871
2872
2873
2873
2873
2874
2876
2878
2879
2880
2881
2882
2882
2882
2885
2885
2886
2887
2887
2890
2891
2892
2892
2895
2897
2898
2899
2901
2903
2903
2904
2906
2909
2910
2912
2914
2914
2914
2915
2915
2917
2918
2918
2918
2922
2922
2922
2923
2924
2926
2927
2929
2929
2930
2930
2930
2932
2932
2933
2933
2934
2935
2935
2939
2940
2940
2940
2942
2943
2945
2946
2946
2947
2953
2956
2957
2957
2959
2959
2960
2961
2962
2964
2964
2964
2965
2965
2970
2973
2974
2975
2975
2976
2977
2978
2978
2978
2979
2980
2981
2982
2983
2983
2987
2992
2992
2993
2994
2996
3000
3000
3000
3003
3004
3004
3004
3006
3006
3007
3008
3009
3009
3009
3011
3012
3013
3013
3013
3014
3017
3019
3020
3020
3022
3026
3027
3029
3029
3036
3037
3039
3043
3043
3045
3047
3047
3048
3050
3050
3051
3055
3057
3057
3057
3058
3058
3060
3060
3061
3062
3063
3063
3063
3064
3065
3065
3066
3066
3068
3069
3070
3072
3072
3074
3077
3077
3078
3078
3078
3079
3080
3080
3080
3081
3083
3083
3083
3084
3086
3088
3090
3092
3093
3094
3095
3096
3097
3100
3100
3100
3101
3105
3105
3108
3109
3110
3111
3111
3111
3114
3115
3117
3118
3119
3119
3120
3121
3121
3122
3123
3124
3124
3125
3125
3127
3128
3128
3129
3132
3132
3133
3134
3135
3136
3137
3138
3139
3141
3148
3149
3150
3152
3154
3155
3156
3156
3158
3159
3161
3161
3163
3163
3163
3168
3169
3170
3172
3173
3175
3175
3183
3185
3186
3190
3191
3191
3192
3194
3194
3196
3196
3196
3197
3200
3205
3206
3206
3208
3211
3211
3215
3216
3218
3218
3220
3220
3220
3221
3222
3222
3222
3224
3226
3227
3228
3228
3229
3230
3230
3231
3231
3232
3232
3236
3238
3238
3240
3241
3241
3242
3242
3243
3243
3249
3249
3249
3253
3253
3254
3258
3259
3259
3262
3262
3262
3264
3265
3268
3269
3270
3271
3273
3275
3275
3278
3279
3279
3282
3282
3282
3284
3285
3286
3287
3289
3291
3292
3293
3294
3295
3296
3297
3300
3300
3300
3302
3302
3303
3304
3308
3309
3310
3310
3310
3310
3318
3318
3319
3321
3321
3326
3327
3332
3333
3334
3336
3338
3339
3340
3341
3341
3341
3342
3343
3343
3344
3345
3346
3346
3346
3350
3350
3351
3351
3352
3352
3354
3355
3356
3357
3362
3362
3362
3362
3365
3365
3368
3369
3371
3372
3372
3373
3373
3373
3374
3374
3377
3377
3378
3379
3379
3380
3380
3380
3381
3381
3381
3383
3383
3383
3388
3389
3390
3390
3390
3390
3392
3393
3394
3396
3396
3397
3397
3398
3399
3400
3401
3402
3406
3407
3407
3407
3408
3408
3408
3408
3408
3409
3415
3416
3416
3418
3419
3420
3420
3422
3422
3422
3423
3424
3429
3429
3430
3430
3432
3433
3433
3436
3438
3439
3443
3443
3445
3445
3445
3446
3446
3448
3451
3452
3453
3455
3456
3456
3457
3458
3458
3459
3459
3461
3462
3462
3463
3463
3465
3469
3470
3471
3471
3471
3474
3478
3479
3480
3481
3481
3482
3483
3484
3487
3489
3489
3490
3491
3492
3493
3494
3496
3497
3499
3499
3499
3500
3501
3501
3504
3506
3512
3512
3515
3515
3517
3518
3523
3523
3525
3526
3526
3527
3528
3528
3528
3530
3531
3531
3532
3533
3533
3534
3536
3537
3537
3538
3539
3540
3540
3541
3541
3542
3543
3543
3545
3548
3548
3553
3553
3554
3554
3556
3560
3560
3561
3564
3565
3565
3567
3567
3573
3577
3577
3579
3580
3580
3581
3583
3585
3586
3587
3588
3589
3592
3593
3594
3595
3596
3597
3597
3599
3600
3603
3606
3608
3609
3609
3610
3611
3611
3612
3612
3613
3613
3614
3615
3617
3620
3622
3623
3630
3632
3633
3635
3636
3637
3637
3638
3638
3639
3639
3639
3642
3643
3644
3644
3645
3646
3649
3650
3651
3651
3651
3652
3652
3652
3654
3655
3658
3661
3662
3662
3662
3663
3664
3667
3668
3669
3670
3672
3673
3676
3676
3677
3677
3679
3681
3681
3682
3682
3682
3682
3683
3683
3684
3684
3684
3684
3685
3685
3685
3686
3687
3687
3687
3688
3690
3690
3690
3692
3692
3693
3693
3695
3696
3696
3696
3697
3698
3702
3703
3703
3703
3704
3708
3708
3709
3709
3710
3712
3713
3713
3714
3714
3715
3715
3716
3717
3717
3717
3719
3719
3719
3719
3720
3720
3724
3725
3725
3726
3727
3727
3730
3730
3730
3731
3732
3732
3733
3735
3735
3736
3737
3739
3739
3740
3740
3743
3744
3745
3745
3746
3748
3748
3748
3749
3751
3751
3753
3753
3753
3756
3757
3759
3759
3759
3760
3761
3761
3762
3762
3764
3767
3771
3772
3773
3776
3776
3777
3779
3781
3781
3782
3782
3782
3783
3783
3784
3784
3786
3788
3789
3790
3791
3791
3792
3795
3796
3797
3797
3798
3798
3799
3801
3801
3802
3803
3804
3804
3805
3805
3808
3810
3812
3813
3815
3815
3816
3816
3818
3822
3822
3822
3822
3822
3824
3824
3824
3824
3825
3827
3828
3828
3831
3831
3833
3833
3835
3835
3835
3835
3839
3840
3841
3842
3842
3845
3848
3849
3850
3851
3852
3854
3854
3855
3857
3858
3859
3861
3862
3864
3865
3865
3865
3865
3867
3868
3871
3872
3873
3873
3875
3875
3875
3877
3878
3879
3880
3885
3886
3887
3888
3889
3889
3891
3891
3893
3895
3895
3898
3898
3899
3899
3900
3901
3901
3902
3902
3903
3903
3907
3909
3909
3910
3910
3911
3912
3913
3913
3913
3915
3916
3916
3917
3918
3920
3924
3925
3927
3929
3930
3933
3935
3936
3937
3940
3940
3943
3944
3945
3946
3948
3948
3951
3953
3953
3956
3957
3958
3958
3958
3959
3964
3965
3965
3965
3967
3967
3968
3968
3968
3969
3969
3970
3970
3971
3972
3972
3972
3973
3973
3974
3975
3976
3976
3978
3980
3980
3981
3981
3982
3983
3984
3986
3987
3989
3990
3990
3992
3994
3994
3994
3996
3996
4001
4001
4002
4003
4005
4005
4009
4010
4012
4015
4016
4017
4019
4020
4021
4021
4021
4025
4026
4027
4028
4029
4030
4031
4031
4032
4033
4033
4034
4034
4037
4037
4037
4038
4040
4043
4044
4044
4044
4047
4048
4050
4051
4051
4051
4051
4051
4051
4052
4056
4057
4057
4057
4058
4059
4060
4060
4060
4061
4061
4062
4063
4064
4065
4067
4069
4071
4071
4073
4075
4075
4075
4076
4077
4077
4077
4078
4079
4081
4082
4086
4088
4091
4092
4094
4096
4098
4099
4100
4102
4103
4103
4105
4105
4105
4108
4108
4110
4114
4117
4117
4117
4118
4119
4123
4124
4124
4125
4126
4127
4130
4132
4133
4134
4135
4136
4137
4140
4140
4141
4141
4143
4145
4145
4149
4150
4154
4154
4156
4157
4157
4158
4158
4159
4163
4163
4165
4165
4167
4168
4169
4170
4171
4171
4171
4172
4174
4174
4175
4175
4175
4177
4177
4178
4179
4181
4181
4182
4183
4186
4186
4188
4188
4189
4189
4189
4191
4191
4192
4194
4195
4198
4199
4201
4201
4203
4203
4204
4204
4205
4207
4208
4208
4209
4209
4210
4211
4215
4215
4216
4216
4216
4216
4219
4219
4220
4223
4223
4224
4224
4224
4224
4226
4227
4227
4232
4234
4234
4237
4239
4239
4241
4242
4243
4245
4245
4246
4250
4251
4251
4253
4253
4254
4258
4261
4261
4262
4262
4263
4263
4264
4264
4266
4266
4266
4270
4271
4271
4272
4272
4273
4275
4276
4276
4280
4280
4281
4283
4283
4284
4285
4287
4287
4289
4290
4291
4291
4296
4298
4299
4300
4300
4303
4303
4304
4308
4308
4311
4312
4314
4315
4315
4316
4316
4318
4319
4319
4321
4322
4322
4322
4322
4323
4324
4325
4327
4327
4327
4327
4328
4330
4331
4333
4334
4334
4337
4337
4338
4341
4341
4342
4343
4343
4344
4346
4352
4353
4354
4355
4357
4357
4360
4360
4361
4365
4366
4368
4371
4371
4374
4375
4377
4378
4383
4383
4385
4386
4386
4387
4390
4390
4391
4391
4393
4393
4394
4396
4396
4397
4397
4397
4398
4398
4402
4403
4403
4404
4405
4405
4407
4410
4411
4411
4412
4413
4413
4414
4418
4418
4418
4420
4421
4422
4424
4425
4425
4426
4426
4426
4427
4427
4427
4428
4428
4430
4432
4432
4432
4432
4434
4434
4437
4438
4439
4440
4441
4441
4441
4442
4443
4443
4443
4445
4445
4445
4446
4447
4448
4452
4454
4455
4456
4458
4464
4465
4465
4466
4466
4468
4469
4471
4472
4472
4473
4475
4475
4477
4477
4477
4477
4478
4478
4481
4481
4482
4483
4484
4486
4488
4488
4490
4490
4491
4491
4492
4492
4492
4493
4494
4497
4497
4499
4499
4500
4505
4506
4507
4508
4510
4511
4511
4513
4513
4514
4515
4515
4517
4518
4518
4520
4521
4523
4523
4524
4524
4525
4525
4525
4526
4526
4527
4527
4528
4531
4532
4533
4534
4534
4537
4537
4537
4538
4538
4540
4541
4542
4542
4543
4543
4546
4547
4549
4550
4550
4551
4552
4553
4553
4556
4557
4559
4559
4560
4561
4561
4562
4566
4566
4569
4569
4569
4569
4570
4571
4571
4571
4571
4573
4574
4574
4575
4575
4575
4576
4577
4579
4579
4580
4580
4583
4583
4584
4584
4584
4584
4586
4586
4588
4590
4590
4590
4590
4591
4592
4593
4593
4594
4594
4595
4596
4597
4598
4598
4599
4601
4601
4601
4601
4602
4604
4605
4606
4608
4609
4609
4609
4610
4610
4611
4612
4613
4615
4615
4619
4621
4622
4622
4622
4625
4625
4626
4627
4628
4629
4631
4632
4632
4632
4632
4633
4634
4638
4639
4639
4642
4642
4643
4644
4646
4646
4648
4649
4650
4651
4652
4652
4652
4653
4653
4654
4655
4656
4656
4658
4659
4660
4660
4665
4668
4669
4669
4669
4670
4670
4670
4672
4673
4674
4675
4676
4677
4677
4678
4678
4679
4684
4685
4685
4686
4686
4687
4690
4690
4690
4690
4690
4695
4698
4700
4707
4708
4708
4708
4710
4711
4711
4712
4713
4715
4715
4716
4717
4717
4718
4719
4720
4720
4722
4722
4723
4725
4725
4726
4727
4727
4729
4729
4734
4736
4737
4737
4738
4740
4740
4741
4742
4742
4743
4744
4744
4745
4745
4746
4746
4751
4752
4752
4753
4753
4754
4755
4756
4757
4759
4762
4763
4763
4763
4764
4764
4765
4765
4765
4769
4771
4774
4775
4776
4777
4777
4778
4779
4781
4781
4782
4782
4783
4785
4786
4787
4789
4790
4791
4791
4792
4792
4795
4796
4797
4797
4797
4797
4799
4801
4802
4803
4804
4806
4806
4808
4809
4810
4812
4814
4815
4819
4820
4821
4821
4822
4823
4824
4824
4828
4828
4830
4833
4833
4834
4835
4835
4835
4837
4839
4843
4844
4845
4845
4846
4848
4848
4849
4849
4853
4853
4854
4855
4856
4857
4857
4858
4860
4860
4864
4865
4869
4872
4872
4872
4873
4874
4876
4877
4877
4878
4879
4880
4880
4882
4882
4890
4891
4892
4892
4892
4893
4893
4894
4897
4897
4898
4899
4900
4902
4904
4904
4904
4905
4906
4907
4908
4910
4910
4911
4912
4914
4916
4919
4920
4921
4921
4922
4922
4924
4924
4926
4927
4927
4930
4933
4937
4937
4942
4942
4943
4944
4945
4946
4946
4947
4950
4951
4951
4951
4953
4953
4954
4956
4956
4958
4959
4961
4962
4962
4963
4963
4963
4964
4964
4966
4967
4968
4970
4970
4974
4975
4975
4976
4979
4980
4981
4983
4983
4984
4987
4990
4991
4992
4992
4992
4993
4993
4994
4995
4997
4999
5000
5001
5001
5002
5002
5002
5003
5004
5004
5006
5006
5006
5007
5008
5008
5009
5010
5010
5011
5011
5011
5012
5012
5017
5017
5018
5019
5023
5024
5025
5026
5026
5026
5027
5029
5030
5030
5032
5032
5032
5033
5034
5034
5034
5036
5036
5036
5037
5039
5039
5042
5045
5046
5047
5048
5048
5049
5050
5054
5057
5057
5057
5058
5059
5059
5061
5061
5062
5062
5065
5067
5067
5067
5067
5071
5076
5076
5076
5077
5081
5081
5088
5088
5088
5090
5092
5097
5097
5098
5100
5102
5104
5104
5107
5109
5111
5111
5113
5113
5114
5115
5116
5117
5119
5120
5122
5123
5124
5125
5126
5126
5126
5127
5128
5129
5132
5133
5133
5133
5136
5138
5139
5140
5141
5142
5142
5143
5146
5149
5150
5151
5151
5155
5155
5156
5161
5162
5163
5164
5164
5165
5165
5166
5167
5171
5172
5173
5174
5175
5175
5175
5176
5178
5180
5181
5182
5183
5183
5186
5186
5188
5188
5189
5189
5189
5191
5198
5199
5200
5200
5200
5202
5203
5206
5206
5207
5210
5210
5211
5212
5213
5216
5216
5217
5220
5225
5225
5227
5228
5229
5229
5229
5229
5230
5231
5232
5232
5234
5235
5240
5241
5243
5243
5244
5246
5247
5248
5248
5250
5253
5253
5254
5254
5254
5255
5258
5258
5262
5262
5262
5263
5263
5264
5265
5267
5269
5271
5274
5277
5280
5281
5286
5286
5287
5290
5290
5290
5290
5291
5293
5293
5294
5295
5296
5297
5297
5298
5299
5302
5303
5304
5305
5308
5308
5308
5310
5314
5315
5316
5318
5320
5321
5321
5321
5322
5323
5324
5324
5326
5326
5327
5328
5329
5331
5331
5331
5333
5334
5336
5336
5337
5339
5339
5339
5341
5341
5342
5345
5345
5346
5347
5347
5350
5351
5351
5351
5351
5352
5356
5356
5357
5358
5358
5361
5362
5367
5368
5370
5373
5373
5374
5375
5375
5377
5377
5380
5382
5382
5383
5384
5384
5387
5387
5387
5388
5389
5393
5393
5397
5399
5400
5400
5402
5405
5408
5408
5408
5414
5415
5417
5417
5420
5422
5422
5423
5425
5426
5428
5428
5429
5430
5430
5431
5432
5433
5433
5435
5435
5435
5439
5443
5443
5446
5447
5448
5448
5449
5451
5451
5451
5451
5452
5454
5454
5455
5456
5457
5460
5461
5462
5462
5464
5465
5466
5467
5468
5469
5470
5470
5471
5471
5472
5473
5474
5476
5476
5483
5484
5485
5487
5487
5488
5490
5491
5491
5494
5495
5495
5495
5496
5496
5496
5498
5505
5506
5507
5510
5513
5515
5516
5520
5520
5522
5522
5525
5525
5526
5526
5526
5526
5527
5527
5528
5528
5528
5529
5529
5530
5531
5533
5533
5534
5535
5535
5535
5535
5537
5537
5538
5539
5539
5541
5544
5545
5546
5547
5548
5549
5549
5549
5550
5553
5553
5553
5554
5560
5563
5564
5565
5566
5566
5567
5567
5568
5569
5569
5570
5571
5574
5576
5578
5578
5579
5579
5579
5580
5580
5580
5581
5581
5582
5582
5585
5585
5589
5589
5590
5591
5593
5594
5596
5598
5598
5599
5601
5601
5602
5603
5604
5609
5609
5610
5614
5615
5615
5616
5618
5618
5620
5621
5621
5623
5624
5625
5626
5627
5628
5629
5629
5632
5634
5634
5635
5635
5635
5635
5636
5637
5641
5641
5642
5644
5646
5649
5649
5652
5654
5655
5655
5656
5657
5658
5658
5658
5658
5661
5661
5662
5663
5663
5663
5665
5667
5669
5670
5671
5672
5673
5673
5675
5675
5675
5676
5676
5676
5677
5677
5679
5681
5681
5683
5687
5688
5688
5690
5690
5691
5691
5693
5694
5694
5694
5696
5697
5701
5702
5703
5703
5703
5709
5709
5709
5710
5711
5713
5716
5718
5719
5719
5721
5721
5721
5723
5725
5726
5726
5727
5729
5730
5735
5735
5736
5737
5739
5739
5739
5740
5741
5743
5743
5746
5746
5749
5750
5750
5750
5750
5752
5754
5758
5759
5761
5763
5766
5767
5767
5768
5769
5769
5769
5771
5774
5774
5774
5775
5776
5776
5778
5780
5780
5781
5781
5781
5781
5782
5785
5785
5785
5787
5789
5790
5790
5792
5794
5795
5797
5804
5808
5808
5809
5810
5810
5815
5815
5816
5816
5816
5817
5818
5819
5823
5824
5826
5827
5830
5830
5832
5833
5835
5835
5836
5838
5838
5839
5840
5841
5842
5847
5848
5849
5850
5850
5851
5851
5852
5852
5853
5854
5854
5854
5857
5859
5859
5860
5862
5863
5864
5864
5865
5866
5866
5868
5869
5869
5869
5869
5869
5870
5872
5872
5872
5874
5875
5876
5879
5879
5881
5882
5882
5883
5884
5885
5887
5888
5890
5891
5891
5892
5896
5901
5902
5902
5902
5903
5904
5906
5907
5907
5908
5908
5913
5914
5915
5915
5916
5916
5918
5918
5919
5923
5923
5923
5923
5925
5925
5925
5926
5929
5929
5930
5930
5930
5931
5933
5934
5937
5938
5939
5942
5942
5944
5946
5946
5946
5947
5950
5950
5950
5954
5956
5956
5961
5961
5963
5963
5964
5964
5967
5968
5970
5971
5971
5973
5974
5974
5974
5975
5975
5975
5976
5977
5978
5980
5980
5982
5983
5986
5986
5986
5987
5987
5988
5990
5992
5993
5994
5995
5996
5997
5999
6001
6003
6004
6004
6004
6009
6009
6010
6010
6011
6011
6013
6015
6015
6016
6017
6018
6018
6019
6019
6021
6022
6022
6024
6024
6025
6026
6027
6029
6030
6032
6033
6034
6036
6036
6037
6037
6038
6039
6040
6041
6041
6041
6042
6044
6045
6046
6049
6050
6053
6054
6055
6056
6058
6058
6058
6060
6061
6062
6063
6063
6066
6067
6067
6067
6068
6071
6074
6075
6077
6079
6079
6079
6080
6081
6082
6083
6084
6085
6087
6089
6090
6091
6092
6093
6095
6098
6105
6106
6106
6106
6107
6108
6108
6109
6109
6111
6114
6115
6117
6119
6119
6120
6121
6121
6122
6123
6124
6124
6125
6128
6129
6130
6131
6131
6132
6134
6135
6136
6139
6142
6143
6144
6146
6147
6148
6149
6149
6150
6152
6153
6153
6153
6153
6154
6154
6155
6156
6156
6158
6158
6160
6162
6163
6164
6165
6165
6166
6168
6169
6169
6169
6170
6172
6174
6175
6175
6176
6176
6177
6177
6178
6178
6178
6179
6179
6180
6181
6182
6182
6183
6183
6187
6187
6187
6188
6189
6196
6196
6196
6198
6198
6199
6200
6201
6203
6203
6205
6207
6207
6207
6207
6207
6208
6208
6209
6209
6210
6212
6213
6213
6214
6214
6215
6216
6217
6220
6221
6222
6222
6223
6224
6226
6227
6227
6227
6228
6228
6229
6229
6230
6233
6233
6237
6239
6239
6241
6245
6245
6245
6245
6245
6247
6248
6251
6255
6257
6258
6260
6261
6262
6262
6262
6263
6264
6265
6266
6266
6268
6269
6270
6271
6272
6272
6273
6275
6279
6280
6281
6282
6282
6282
6282
6283
6283
6284
6284
6285
6285
6286
6287
6287
6288
6288
6289
6290
6291
6292
6293
6293
6297
6297
6298
6298
6299
6299
6300
6301
6302
6302
6303
6304
6306
6309
6313
6313
6315
6316
6318
6320
6322
6323
6323
6324
6325
6326
6327
6327
6328
6329
6331
6332
6332
6334
6335
6335
6335
6336
6339
6339
6339
6344
6345
6346
6349
6350
6352
6354
6355
6358
6359
6361
6364
6366
6366
6366
6367
6367
6367
6368
6368
6368
6369
6371
6372
6373
6374
6376
6378
6382
6382
6382
6382
6383
6383
6384
6386
6386
6387
6388
6390
6390
6391
6391
6391
6392
6393
6399
6400
6400
6401
6402
6403
6409
6410
6412
6416
6418
6419
6420
6421
6422
6426
6426
6426
6431
6432
6432
6434
6434
6436
6436
6437
6439
6442
6443
6444
6446
6446
6446
6447
6448
6451
6452
6452
6453
6453
6454
6455
6457
6458
6458
6459
6459
6461
6461
6462
6462
6462
6464
6464
6464
6464
6464
6467
6467
6467
6468
6470
6470
6472
6475
6475
6475
6477
6477
6478
6478
6479
6481
6481
6481
6481
6486
6486
6488
6489
6489
6490
6490
6492
6493
6493
6494
6495
6495
6499
6500
6501
6501
6502
6503
6504
6508
6511
6513
6513
6516
6517
6518
6522
6522
6523
6524
6525
6526
6527
6528
6529
6530
6532
6532
6532
6534
6538
6538
6539
6539
6539
6544
6547
6548
6548
6548
6548
6550
6550
6553
6554
6554
6555
6556
6556
6557
6557
6558
6559
6560
6560
6562
6564
6564
6565
6565
6567
6568
6568
6569
6569
6569
6571
6574
6576
6577
6578
6578
6579
6579
6579
6580
6581
6582
6582
6582
6584
6587
6587
6587
6590
6591
6592
6593
6594
6594
6595
6595
6595
6596
6597
6600
6601
6604
6605
6606
6606
6606
6608
6608
6609
6609
6612
6612
6616
6616
6619
6619
6621
6622
6624
6624
6625
6626
6626
6630
6632
6632
6634
6636
6636
6640
6642
6643
6643
6644
6644
6644
6644
6646
6646
6646
6646
6647
6649
6650
6652
6653
6655
6655
6656
6657
6658
6659
6659
6660
6660
6663
6664
6665
6665
6665
6666
6666
6667
6670
6670
6672
6672
6672
6674
6675
6676
6676
6678
6678
6680
6680
6681
6683
6683
6683
6686
6687
6687
6688
6688
6688
6689
6689
6690
6690
6691
6692
6693
6693
6698
6700
6701
6702
6704
6705
6708
6708
6708
6709
6709
6711
6711
6711
6713
6713
6714
6716
6718
6718
6719
6720
6720
6721
6722
6726
6726
6727
6733
6733
6735
6736
6738
6740
6741
6742
6743
6744
6745
6746
6747
6748
6749
6749
6749
6749
6751
6754
6754
6755
6756
6756
6757
6759
6761
6761
6761
6762
6763
6763
6763
6767
6768
6768
6768
6770
6771
6771
6774
6775
6776
6778
6778
6781
6782
6783
6785
6786
6788
6788
6788
6788
6792
6792
6792
6795
6796
6797
6798
6798
6798
6798
6800
6800
6801
6802
6802
6803
6804
6804
6806
6809
6810
6812
6812
6814
6814
6817
6819
6819
6820
6821
6824
6825
6826
6828
6831
6835
6836
6837
6838
6838
6839
6840
6841
6841
6844
6845
6846
6847
6847
6848
6849
6850
6851
6851
6851
6851
6852
6852
6853
6854
6857
6858
6859
6862
6863
6863
6866
6867
6868
6868
6869
6870
6870
6871
6873
6874
6877
6878
6878
6880
6880
6881
6882
6883
6883
6883
6883
6885
6886
6888
6889
6891
6891
6891
6894
6894
6894
6895
6895
6896
6896
6899
6899
6900
6901
6901
6902
6903
6904
6904
6904
6905
6905
6906
6907
6909
6911
6911
6912
6912
6913
6914
6914
6915
6915
6916
6917
6919
6923
6924
6924
6926
6928
6928
6931
6932
6932
6933
6933
6936
6938
6939
6939
6940
6942
6942
6944
6945
6947
6949
6954
6956
6957
6959
6960
6960
6960
6963
6963
6965
6966
6967
6969
6970
6971
6973
6973
6974
6976
6976
6976
6977
6978
6978
6979
6980
6981
6982
6982
6982
6983
6983
6984
6984
6985
6985
6986
6986
6987
6989
6990
6992
6992
6993
6996
6997
6998
6998
6998
6999
7001
7003
7005
7010
7011
7011
7012
7012
7013
7013
7014
7015
7016
7018
7019
7026
7026
7028
7028
7029
7029
7032
7036
7037
7038
7038
7038
7039
7039
7040
7040
7044
7045
7047
7047
7048
7049
7050
7051
7052
7052
7053
7054
7054
7056
7058
7058
7059
7059
7059
7063
7064
7064
7064
7067
7067
7069
7070
7070
7071
7072
7072
7074
7075
7077
7078
7079
7079
7081
7082
7082
7084
7086
7086
7087
7087
7088
7089
7093
7093
7094
7096
7097
7099
7100
7103
7103
7105
7105
7107
7107
7107
7108
7108
7111
7111
7114
7115
7115
7115
7118
7118
7119
7120
7120
7126
7128
7129
7129
7131
7132
7133
7138
7140
7140
7140
7144
7146
7146
7146
7146
7146
7147
7147
7152
7153
7153
7156
7157
7160
7160
7162
7162
7162
7163
7163
7164
7165
7166
7167
7167
7168
7170
7177
7177
7177
7178
7178
7178
7179
7180
7186
7188
7189
7190
7192
7192
7193
7193
7194
7195
7196
7197
7199
7201
7202
7202
7205
7205
7205
7206
7209
7210
7211
7213
7213
7214
7215
7215
7215
7216
7216
7216
7217
7217
7218
7221
7223
7225
7228
7229
7229
7229
7230
7233
7234
7234
7236
7238
7239
7240
7240
7240
7241
7243
7245
7252
7252
7254
7254
7254
7257
7257
7258
7258
7258
7259
7261
7261
7262
7262
7268
7268
7269
7271
7274
7275
7275
7276
7278
7278
7278
7279
7279
7279
7282
7284
7284
7285
7287
7287
7289
7289
7290
7292
7293
7293
7294
7296
7297
7298
7299
7300
7301
7301
7302
7303
7304
7305
7305
7307
7309
7312
7312
7312
7314
7314
7315
7315
7316
7317
7317
7319
7319
7320
7320
7323
7329
7330
7332
7333
7333
7333
7334
7338
7341
7341
7341
7342
7343
7343
7343
7344
7344
7347
7347
7347
7348
7349
7351
7351
7352
7353
7354
7354
7358
7359
7361
7363
7363
7365
7365
7366
7367
7368
7369
7372
7374
7374
7377
7379
7379
7380
7382
7384
7385
7386
7386
7387
7388
7389
7390
7390
7390
7393
7393
7395
7396
7396
7397
7397
7398
7399
7399
7400
7402
7402
7402
7404
7406
7406
7407
7409
7410
7410
7411
7413
7415
7415
7416
7417
7417
7417
7419
7421
7422
7422
7423
7424
7425
7426
7428
7430
7430
7430
7431
7432
7432
7433
7434
7434
7435
7436
7436
7437
7438
7438
7440
7441
7441
7441
7442
7442
7442
7444
7445
7445
7446
7446
7447
7448
7450
7450
7452
7453
7453
7453
7453
7453
7454
7456
7458
7458
7462
7462
7463
7464
7467
7471
7472
7472
7472
7472
7474
7476
7477
7478
7478
7478
7478
7480
7480
7482
7482
7483
7485
7488
7491
7493
7493
7495
7496
7496
7497
7499
7500
7502
7502
7502
7502
7508
7508
7508
7508
7509
7510
7512
7512
7512
7513
7513
7513
7513
7514
7514
7515
7517
7520
7521
7521
7522
7524
7524
7527
7528
7528
7529
7531
7533
7534
7534
7536
7537
7539
7539
7540
7540
7540
7540
7545
7546
7547
7548
7548
7548
7549
7550
7551
7552
7552
7554
7554
7555
7556
7558
7559
7560
7562
7562
7563
7563
7564
7565
7566
7566
7569
7571
7572
7572
7572
7572
7572
7573
7573
7575
7576
7576
7579
7580
7580
7582
7585
7585
7589
7590
7591
7592
7594
7596
7597
7599
7599
7600
7600
7601
7603
7603
7605
7606
7606
7606
7607
7610
7612
7613
7618
7619
7619
7621
7622
7622
7623
7626
7626
7627
7628
7629
7629
7629
7630
7631
7631
7632
7632
7633
7633
7635
7635
7637
7637
7637
7639
7642
7646
7647
7647
7648
7649
7650
7651
7654
7654
7656
7656
7657
7658
7659
7661
7661
7663
7664
7664
7665
7667
7667
7668
7668
7671
7671
7673
7673
7673
7673
7673
7674
7674
7675
7676
7676
7677
7678
7680
7680
7680
7680
7681
7682
7684
7684
7685
7685
7685
7689
7690
7693
7694
7694
7694
7697
7698
7699
7699
7699
7701
7702
7702
7702
7702
7703
7706
7707
7708
7708
7710
7711
7712
7712
7713
7714
7715
7716
7717
7717
7717
7719
7721
7721
7722
7722
7723
7726
7728
7728
7729
7729
7731
7732
7733
7735
7735
7737
7739
7740
7741
7741
7742
7742
7744
7746
7746
7747
7749
7751
7752
7752
7753
7754
7754
7755
7755
7755
7761
7762
7762
7764
7764
7765
7765
7765
7768
7768
7768
7769
7771
7771
7772
7773
7777
7777
7778
7779
7780
7780
7781
7782
7785
7787
7787
7787
7789
7790
7790
7791
7793
7794
7798
7798
7799
7799
7800
7801
7804
7806
7808
7811
7812
7812
7814
7814
7815
7818
7820
7821
7821
7822
7822
7823
7824
7825
7826
7826
7827
7828
7829
7829
7829
7830
7830
7831
7832
7836
7838
7838
7839
7839
7841
7841
7843
7843
7844
7845
7846
7847
7847
7852
7852
7854
7855
7855
7857
7857
7858
7858
7858
7859
7860
7861
7862
7862
7864
7864
7865
7869
7869
7870
7871
7872
7873
7873
7874
7874
7876
7876
7876
7877
7877
7878
7880
7882
7884
7884
7884
7885
7886
7887
7888
7890
7890
7892
7892
7896
7898
7899
7899
7900
7900
7901
7903
7903
7903
7907
7907
7907
7908
7908
7908
7909
7911
7911
7911
7912
7912
7912
7916
7917
7918
7918
7920
7922
7923
7925
7925
7926
7927
7927
7930
7930
7932
7934
7934
7936
7937
7938
7940
7941
7942
7942
7942
7943
7943
7945
7945
7946
7949
7949
7951
7952
7953
7957
7958
7958
7959
7959
7963
7963
7964
7965
7965
7967
7968
7971
7971
7972
7973
7973
7974
7974
7976
7977
7978
7979
7980
7980
7981
7982
7983
7983
7984
7985
7985
7987
7988
7989
7989
7989
7990
7991
7993
7993
7993
7996
7998
7998
7999
8004
8008
8011
8012
8013
8013
8014
8015
8015
8015
8015
8015
8016
8016
8016
8017
8019
8020
8021
8022
8022
8023
8023
8023
8026
8026
8027
8028
8028
8029
8029
8032
8037
8038
8038
8039
8040
8041
8041
8043
8045
8045
8045
8045
8047
8052
8053
8053
8053
8054
8059
8062
8063
8063
8063
8064
8065
8066
8066
8067
8069
8071
8072
8073
8074
8077
8079
8084
8085
8085
8087
8090
8091
8091
8091
8092
8096
8096
8097
8097
8100
8100
8100
8101
8102
8105
8105
8105
8105
8106
8106
8106
8109
8109
8110
8110
8111
8113
8113
8114
8114
8114
8116
8118
8118
8119
8120
8122
8124
8125
8128
8129
8130
8131
8131
8133
8134
8135
8136
8139
8140
8141
8141
8145
8147
8151
8152
8152
8154
8156
8158
8161
8162
8162
8163
8163
8165
8166
8166
8166
8167
8168
8168
8173
8173
8173
8173
8174
8175
8176
8178
8178
8180
8181
8181
8181
8183
8187
8190
8190
8190
8191
8191
8192
8192
8193
8197
8199
8202
8203
8203
8204
8205
8207
8207
8207
8208
8209
8209
8210
8210
8211
8211
8212
8213
8214
8216
8218
8218
8220
8221
8221
8222
8224
8225
8226
8226
8227
8227
8228
8230
8233
8233
8234
8234
8235
8236
8238
8238
8241
8246
8246
8246
8246
8248
8250
8250
8250
8251
8251
8254
8255
8256
8259
8260
8261
8261
8261
8264
8265
8267
8268
8270
8270
8272
8273
8273
8274
8274
8274
8275
8277
8278
8279
8281
8281
8282
8282
8288
8289
8290
8294
8294
8295
8295
8297
8297
8298
8298
8300
8300
8300
8303
8303
8306
8307
8308
8308
8309
8310
8313
8315
8316
8316
8318
8318
8319
8320
8321
8323
8324
8326
8326
8326
8328
8330
8330
8330
8331
8332
8335
8337
8340
8342
8342
8343
8345
8348
8348
8349
8349
8349
8351
8351
8351
8351
8355
8356
8358
8358
8358
8360
8360
8361
8361
8362
8363
8363
8365
8365
8365
8368
8371
8373
8374
8374
8374
8375
8376
8377
8378
8379
8380
8382
8385
8388
8389
8390
8390
8390
8392
8392
8394
8395
8395
8397
8399
8399
8400
8400
8400
8401
8401
8402
8405
8406
8406
8406
8409
8409
8410
8410
8410
8411
8413
8414
8414
8415
8416
8417
8418
8418
8418
8419
8421
8421
8421
8423
8424
8424
8424
8425
8425
8426
8426
8429
8430
8430
8433
8434
8434
8434
8435
8435
8435
8438
8439
8440
8442
8442
8442
8443
8445
8446
8447
8448
8449
8450
8451
8453
8454
8456
8457
8458
8459
8459
8461
8462
8463
8463
8463
8465
8466
8466
8467
8468
8468
8469
8470
8472
8473
8474
8474
8477
8478
8478
8479
8479
8479
8482
8484
8485
8485
8486
8487
8488
8491
8493
8494
8499
8499
8501
8501
8503
8504
8507
8507
8508
8510
8514
8514
8515
8516
8519
8521
8522
8523
8523
8524
8524
8525
8525
8525
8527
8528
8528
8529
8530
8530
8531
8531
8532
8533
8536
8539
8539
8544
8544
8545
8546
8547
8547
8548
8552
8553
8554
8555
8556
8557
8558
8559
8559
8560
8561
8563
8564
8565
8566
8567
8568
8570
8570
8573
8574
8574
8575
8576
8577
8579
8580
8581
8582
8585
8586
8588
8590
8591
8592
8593
8595
8596
8597
8597
8597
8599
8600
8601
8602
8603
8603
8604
8606
8606
8607
8607
8609
8610
8611
8615
8615
8616
8616
8618
8619
8621
8622
8622
8623
8623
8624
8625
8628
8628
8629
8629
8630
8630
8630
8631
8631
8632
8633
8634
8635
8641
8642
8643
8645
8648
8649
8650
8655
8656
8656
8657
8657
8659
8659
8661
8663
8664
8665
8667
8667
8668
8668
8669
8670
8673
8674
8674
8674
8675
8675
8676
8677
8677
8678
8678
8680
8681
8685
8685
8685
8687
8688
8688
8689
8691
8691
8692
8692
8692
8692
8692
8693
8693
8693
8693
8695
8696
8696
8696
8696
8697
8698
8699
8699
8699
8699
8703
8704
8706
8707
8707
8708
8709
8711
8713
8716
8716
8718
8718
8718
8720
8720
8721
8722
8724
8725
8725
8728
8728
8729
8729
8729
8729
8729
8730
8730
8733
8733
8733
8734
8734
8734
8736
8737
8738
8738
8740
8742
8745
8746
8746
8746
8747
8747
8748
8754
8754
8755
8756
8756
8757
8759
8759
8759
8759
8759
8760
8760
8760
8762
8763
8764
8766
8769
8773
8777
8777
8777
8777
8778
8779
8779
8780
8780
8783
8784
8784
8784
8786
8788
8789
8790
8790
8790
8792
8793
8794
8795
8795
8796
8797
8798
8799
8800
8801
8802
8804
8804
8807
8807
8807
8807
8808
8808
8809
8811
8812
8814
8816
8819
8819
8820
8822
8823
8824
8828
8829
8829
8831
8832
8834
8835
8836
8837
8838
8841
8841
8842
8845
8846
8847
8848
8849
8850
8851
8856
8856
8857
8859
8861
8861
8861
8862
8864
8864
8867
8869
8869
8870
8876
8876
8876
8877
8878
8879
8880
8881
8881
8883
8884
8884
8885
8885
8885
8885
8886
8887
8890
8890
8892
8892
8894
8895
8896
8897
8899
8901
8901
8903
8907
8908
8908
8908
8909
8910
8912
8912
8912
8913
8913
8914
8916
8916
8918
8919
8919
8920
8920
8924
8924
8924
8924
8931
8931
8932
8934
8935
8936
8937
8937
8937
8939
8939
8940
8944
8944
8945
8946
8946
8946
8949
8953
8953
8954
8960
8964
8965
8968
8971
8972
8974
8977
8977
8978
8979
8979
8980
8981
8982
8983
8983
8984
8984
8986
8987
8989
8990
8990
8991
8992
8993
8993
8995
8997
8998
8999
9000
9000
9001
9001
9002
9003
9005
9005
9007
9008
9009
9010
9013
9014
9015
9016
9016
9017
9017
9017
9018
9020
9022
9022
9022
9023
9023
9024
9024
9024
9030
9030
9031
9031
9032
9033
9035
9036
9036
9036
9037
9042
9042
9043
9044
9044
9045
9047
9047
9047
9055
9056
9056
9057
9060
9061
9061
9062
9064
9066
9066
9067
9068
9069
9069
9071
9072
9073
9074
9075
9076
9077
9078
9080
9082
9083
9083
9084
9084
9084
9085
9085
9087
9089
9089
9091
9091
9093
9096
9096
9096
9096
9097
9097
9098
9103
9103
9103
9103
9103
9106
9106
9107
9107
9108
9109
9109
9111
9112
9112
9115
9116
9118
9118
9120
9121
9122
9122
9123
9123
9123
9123
9124
9126
9126
9127
9128
9128
9129
9129
9133
9133
9136
9137
9138
9139
9140
9140
9141
9142
9144
9147
9148
9148
9150
9150
9151
9152
9152
9152
9154
9156
9157
9158
9158
9164
9169
9169
9172
9173
9174
9174
9175
9175
9176
9176
9177
9177
9177
9178
9178
9180
9180
9180
9181
9184
9184
9184
9185
9186
9188
9189
9189
9190
9191
9191
9193
9194
9195
9195
9196
9198
9199
9200
9201
9201
9202
9204
9204
9205
9206
9207
9207
9207
9208
9208
9211
9211
9212
9212
9213
9214
9215
9215
9216
9216
9217
9223
9223
9223
9223
9225
9225
9226
9226
9227
9229
9229
9229
9233
9234
9235
9235
9237
9239
9241
9244
9244
9246
9247
9247
9250
9250
9253
9257
9260
9261
9264
9265
9265
9265
9268
9272
9272
9273
9274
9275
9277
9278
9279
9280
9281
9283
9284
9284
9287
9289
9289
9289
9290
9290
9291
9291
9292
9293
9293
9294
9296
9297
9298
9298
9300
9302
9303
9304
9304
9307
9309
9309
9310
9313
9313
9314
9315
9315
9315
9316
9316
9320
9321
9323
9325
9328
9329
9333
9334
9334
9335
9336
9337
9337
9338
9339
9340
9342
9345
9347
9348
9350
9350
9351
9351
9352
9355
9359
9359
9360
9360
9360
9360
9360
9361
9362
9364
9364
9365
9366
9368
9371
9377
9378
9379
9379
9380
9380
9381
9382
9384
9384
9385
9388
9389
9390
9390
9392
9392
9393
9394
9394
9395
9396
9397
9399
9400
9400
9401
9404
9404
9404
9410
9411
9412
9412
9412
9413
9414
9416
9417
9419
9420
9420
9420
9423
9425
9426
9427
9427
9427
9430
9431
9433
9433
9434
9434
9435
9435
9436
9436
9437
9438
9439
9441
9441
9442
9442
9443
9444
9445
9446
9448
9448
9449
9449
9450
9453
9456
9459
9462
9463
9466
9467
9470
9472
9472
9473
9474
9477
9478
9478
9479
9479
9481
9482
9482
9485
9485
9487
9488
9490
9492
9492
9493
9493
9494
9495
9496
9497
9498
9499
9499
9500
9500
9503
9504
9505
9507
9510
9510
9510
9510
9511
9511
9511
9512
9513
9513
9515
9515
9518
9519
9519
9520
9522
9522
9525
9527
9527
9529
9529
9529
9531
9534
9537
9538
9538
9538
9539
9540
9541
9541
9541
9544
9546
9547
9547
9548
9549
9549
9549
9550
9551
9552
9553
9554
9556
9557
9557
9558
9560
9561
9561
9563
9564
9566
9567
9568
9569
9569
9570
9571
9574
9574
9575
9576
9576
9577
9578
9578
9579
9579
9580
9581
9582
9582
9583
9584
9584
9585
9585
9586
9586
9590
9591
9591
9591
9592
9592
9592
9593
9594
9595
9596
9596
9597
9597
9597
9601
9601
9604
9604
9606
9606
9606
9606
9607
9610
9610
9612
9615
9615
9615
9616
9618
9619
9619
9619
9619
9622
9623
9624
9625
9625
9626
9626
9626
9627
9629
9629
9630
9630
9631
9631
9632
9633
9633
9634
9635
9641
9642
9642
9642
9643
9644
9644
9644
9645
9648
9649
9649
9651
9651
9653
9653
9655
9655
9656
9657
9657
9657
9659
9660
9664
9667
9678
9679
9681
9686
9687
9687
9688
9691
9692
9692
9693
9694
9696
9702
9705
9706
9706
9707
9708
9710
9710
9711
9711
9712
9712
9714
9717
9717
9718
9720
9721
9721
9724
9730
9730
9732
9732
9736
9737
9738
9740
9740
9742
9744
9744
9744
9745
9746
9747
9747
9748
9748
9748
9749
9750
9750
9751
9752
9752
9753
9755
9756
9757
9757
9758
9759
9761
9762
9764
9766
9766
9767
9767
9767
9769
9771
9772
9772
9773
9773
9773
9774
9775
9775
9776
9776
9776
9776
9776
9777
9778
9778
9778
9778
9779
9779
9780
9781
9783
9784
9784
9785
9785
9785
9787
9789
9791
9791
9799
9800
9804
9804
9806
9809
9809
9812
9816
9817
9818
9818
9818
9819
9819
9825
9825
9826
9829
9831
9831
9832
9833
9833
9834
9834
9835
9837
9839
9840
9840
9842
9842
9843
9843
9844
9844
9845
9848
9849
9850
9851
9851
9853
9853
9854
9854
9855
9856
9857
9859
9862
9862
9863
9865
9867
9868
9871
9871
9871
9873
9875
9877
9878
9878
9879
9879
9881
9881
9882
9882
9883
9884
9884
9887
9887
9887
9888
9888
9889
9889
9890
9892
9894
9895
9895
9895
9896
9898
9899
9899
9899
9900
9901
9902
9902
9903
9903
9903
9905
9909
9910
9910
9910
9910
9910
9912
9914
9914
9914
9915
9915
9917
9919
9919
9920
9920
9921
9921
9923
9923
9923
9924
9926
9926
9926
9927
9927
9931
9931
9933
9933
9934
9936
9937
9937
9937
9937
9939
9939
9942
9943
9944
9944
9945
9946
9946
9947
9947
9948
9948
9950
9950
9950
9951
9952
9952
9954
9955
9956
9958
9958
9960
9961
9962
9962
9962
9964
9964
9965
9968
9968
9969
9971
9972
9972
9973
9973
9975
9976
9976
9977
9978
9978
9981
9983
9984
9985
9986
9987
9989
9990
9990
9992
9995
9997
9998
9998
9998
9999
