2
2
4
4
9
9
11
12
12
12
13
16
16
16
19
19
21
21
21
24
25
25
26
27
27
27
28
29
30
31
31
31
31
32
34
35
35
35
36
37
38
42
43
44
45
46
46
47
48
49
49
50
50
52
52
54
54
55
56
57
60
61
62
62
62
63
63
65
66
67
69
69
70
70
71
71
75
79
80
85
86
86
87
92
92
92
92
94
94
95
98
99
101
101
102
102
103
105
106
106
108
110
111
111
111
113
113
115
117
118
118
121
121
122
123
124
125
127
128
128
128
128
132
132
133
134
134
134
136
138
138
139
140
141
143
143
143
144
144
145
145
148
148
148
150
151
152
153
155
156
156
156
156
157
158
158
158
158
161
162
163
163
163
165
165
166
167
168
169
169
171
171
171
172
172
176
177
178
181
182
183
183
184
184
184
187
189
192
193
194
194
195
196
199
200
200
200
202
203
203
205
207
207
208
208
208
209
210
211
214
214
216
217
217
218
220
221
222
222
223
224
224
224
226
227
228
228
232
232
235
236
237
238
238
239
239
240
242
243
244
245
247
247
248
250
251
251
253
253
253
263
263
263
265
266
268
269
269
270
271
272
276
276
279
279
280
281
282
282
282
282
284
285
288
288
291
291
292
294
294
297
298
298
300
300
301
301
307
310
311
312
313
316
316
317
318
318
320
325
325
325
326
327
331
331
333
334
336
340
341
341
342
346
347
347
349
350
351
351
353
354
357
359
360
360
360
361
366
368
370
370
372
372
372
372
375
375
376
376
378
381
382
384
385
386
386
387
389
389
391
395
396
397
398
401
401
401
403
407
408
408
410
411
412
413
414
414
416
418
418
418
420
422
422
422
423
423
424
425
425
426
426
428
428
429
430
430
430
431
432
433
434
435
439
439
440
440
442
442
443
443
444
445
445
445
446
447
447
449
451
452
454
454
456
459
459
460
461
462
462
463
463
463
464
466
466
469
469
471
471
471
472
472
473
479
480
481
482
483
483
485
485
486
489
490
491
493
494
494
494
494
498
499
500
500
501
503
504
505
507
509
509
510
511
511
512
512
512
513
513
513
513
514
514
514
514
517
518
519
521
522
522
523
524
525
525
526
526
526
527
528
529
530
530
532
533
537
537
540
542
542
543
544
544
544
545
546
546
550
550
551
553
553
553
556
557
559
559
560
561
561
562
563
564
569
571
575
576
578
578
581
581
581
581
583
584
588
589
593
597
599
603
604
605
605
605
607
607
608
609
609
609
610
610
611
612
612
612
612
612
613
616
618
623
623
624
624
627
628
629
629
629
630
630
631
631
632
633
634
635
636
636
637
638
638
640
640
640
641
642
645
650
651
652
657
657
661
663
664
664
670
672
675
676
676
677
677
678
679
679
680
682
685
686
686
686
686
687
688
689
690
691
691
693
693
694
694
695
695
695
695
698
698
699
699
700
701
701
701
703
703
705
706
709
709
712
712
713
713
717
718
719
721
723
725
727
727
728
729
732
732
734
737
737
738
738
738
738
739
739
740
741
743
745
746
747
747
748
750
750
751
753
754
755
756
756
757
757
758
759
759
760
760
760
762
764
764
768
769
770
771
773
773
773
773
774
775
777
778
779
781
782
783
785
786
786
789
790
791
793
793
794
795
796
796
796
796
797
799
800
801
801
802
805
806
806
807
807
808
809
809
810
812
817
818
820
820
821
823
823
824
826
826
829
829
830
831
831
833
835
835
837
838
838
838
840
846
847
847
849
849
850
850
850
851
853
856
856
858
861
864
864
866
866
866
866
867
870
871
871
872
872
873
875
875
876
878
879
880
880
882
882
883
883
885
886
886
887
888
888
889
889
893
896
899
900
901
901
902
904
906
906
907
909
910
910
911
912
915
917
918
918
919
920
920
920
921
921
921
921
921
922
922
922
924
924
925
927
928
930
931
935
935
938
941
941
941
942
942
943
944
944
947
947
949
949
950
950
952
954
958
959
960
964
964
970
970
971
971
971
972
975
975
976
977
978
979
979
981
982
983
983
984
984
984
985
986
987
987
988
988
989
991
993
993
993
995
995
996
999
999
1001
1005
1005
1006
1006
1007
1012
1013
1014
1016
1016
1016
1016
1017
1018
1020
1022
1023
1023
1023
1024
1024
1024
1025
1026
1028
1028
1029
1030
1031
1032
1033
1034
1036
1036
1036
1037
1040
1041
1043
1046
1047
1049
1050
1051
1054
1054
1054
1054
1054
1056
1058
1058
1060
1061
1062
1062
1064
1070
1071
1072
1073
1074
1080
1083
1084
1085
1086
1086
1089
1090
1090
1091
1093
1093
1096
1097
1097
1099
1103
1104
1105
1106
1107
1107
1108
1110
1111
1112
1112
1112
1113
1113
1115
1116
1116
1117
1118
1120
1121
1122
1123
1124
1124
1126
1127
1128
1131
1133
1134
1135
1135
1136
1138
1138
1139
1140
1140
1142
1142
1143
1143
1144
1144
1144
1145
1147
1148
1148
1150
1150
1150
1152
1153
1155
1156
1157
1157
1159
1159
1160
1161
1162
1163
1166
1168
1168
1169
1169
1170
1170
1172
1172
1173
1174
1176
1176
1177
1179
1181
1182
1182
1183
1186
1186
1186
1186
1186
1187
1188
1192
1193
1194
1194
1197
1198
1199
1199
1200
1202
1203
1204
1204
1206
1206
1206
1206
1207
1208
1209
1209
1209
1210
1210
1210
1210
1211
1213
1213
1213
1217
1218
1219
1219
1219
1220
1220
1221
1222
1222
1223
1223
1223
1225
1225
1225
1229
1230
1230
1231
1231
1231
1232
1234
1237
1237
1239
1242
1243
1244
1244
1245
1245
1247
1247
1247
1248
1249
1251
1253
1253
1255
1256
1258
1263
1264
1267
1268
1270
1271
1272
1273
1273
1275
1275
1275
1280
1281
1289
1289
1292
1292
1294
1295
1295
1296
1298
1300
1301
1301
1303
1303
1303
1305
1305
1306
1308
1311
1312
1312
1313
1315
1316
1316
1316
1318
1318
1320
1320
1321
1323
1324
1324
1326
1327
1329
1330
1332
1335
1335
1336
1336
1337
1340
1340
1341
1343
1344
1345
1345
1346
1347
1348
1349
1350
1351
1352
1352
1352
1353
1353
1354
1355
1357
1357
1357
1358
1359
1359
1359
1360
1361
1361
1361
1362
1362
1362
1362
1363
1364
1364
1367
1368
1369
1370
1371
1373
1373
1374
1374
1376
1376
1379
1380
1380
1381
1382
1383
1384
1384
1385
1386
1387
1388
1389
1390
1391
1391
1392
1393
1394
1395
1397
1398
1399
1401
1402
1403
1404
1406
1407
1409
1409
1409
1410
1411
1413
1413
1414
1414
1415
1418
1419
1419
1423
1425
1426
1427
1427
1427
1428
1429
1430
1430
1432
1433
1434
1436
1437
1437
1438
1439
1442
1445
1446
1449
1449
1449
1450
1451
1451
1452
1452
1452
1454
1455
1456
1456
1457
1459
1459
1460
1461
1462
1466
1468
1477
1480
1480
1480
1480
1481
1481
1482
1484
1484
1485
1486
1486
1488
1488
1488
1489
1489
1490
1493
1493
1494
1494
1497
1497
1500
1500
1501
1502
1503
1503
1505
1506
1508
1508
1508
1511
1511
1512
1512
1513
1514
1515
1517
1518
1519
1519
1520
1521
1521
1522
1524
1525
1526
1529
1531
1535
1537
1538
1539
1539
1540
1541
1544
1546
1549
1550
1551
1553
1553
1554
1555
1555
1556
1557
1559
1560
1560
1561
1562
1563
1563
1563
1563
1565
1565
1566
1566
1568
1570
1571
1574
1574
1574
1574
1575
1575
1575
1576
1579
1579
1579
1583
1583
1584
1584
1586
1590
1590
1591
1591
1593
1593
1595
1595
1597
1597
1598
1601
1603
1605
1605
1606
1606
1607
1610
1610
1610
1610
1611
1613
1614
1616
1617
1618
1620
1621
1621
1621
1622
1622
1623
1623
1626
1627
1627
1627
1628
1631
1634
1635
1636
1636
1637
1637
1637
1639
1641
1642
1644
1644
1645
1645
1647
1649
1650
1650
1651
1652
1654
1656
1658
1659
1661
1664
1664
1664
1664
1664
1665
1667
1669
1670
1671
1672
1673
1673
1673
1674
1676
1677
1679
1680
1681
1684
1685
1685
1687
1689
1689
1689
1690
1691
1693
1693
1694
1698
1698
1700
1700
1700
1701
1702
1704
1706
1707
1711
1712
1712
1716
1717
1717
1717
1718
1720
1722
1722
1722
1723
1723
1723
1724
1725
1727
1727
1728
1728
1730
1731
1732
1732
1732
1736
1739
1739
1740
1740
1741
1741
1742
1742
1743
1744
1745
1747
1747
1750
1750
1753
1755
1756
1759
1759
1762
1763
1764
1766
1766
1766
1766
1770
1770
1774
1777
1780
1780
1780
1780
1780
1781
1782
1783
1784
1786
1790
1792
1793
1796
1796
1798
1799
1801
1802
1802
1803
1804
1804
1804
1804
1805
1806
1811
1812
1812
1813
1814
1815
1815
1815
1816
1816
1818
1818
1818
1819
1821
1821
1823
1824
1826
1828
1829
1829
1833
1834
1836
1836
1840
1841
1842
1842
1845
1846
1847
1848
1849
1850
1853
1856
1857
1858
1860
1862
1863
1864
1864
1865
1865
1866
1866
1867
1867
1867
1870
1871
1871
1872
1872
1873
1875
1875
1876
1877
1878
1879
1879
1882
1886
1886
1887
1887
1890
1891
1891
1892
1893
1895
1896
1897
1897
1900
1900
1901
1902
1904
1906
1906
1908
1908
1909
1909
1909
1912
1912
1912
1913
1914
1917
1917
1917
1917
1918
1919
1920
1920
1920
1921
1924
1924
1924
1925
1925
1929
1930
1931
1931
1932
1932
1933
1934
1934
1935
1937
1937
1938
1941
1942
1943
1943
1944
1945
1946
1947
1948
1949
1950
1950
1950
1951
1951
1952
1952
1955
1956
1957
1958
1959
1960
1961
1963
1964
1965
1968
1969
1970
1970
1972
1972
1974
1975
1976
1979
1979
1981
1981
1981
1982
1983
1983
1986
1986
1986
1986
1987
1987
1988
1990
1990
1992
1993
1993
1995
1996
1997
1997
1998
1998
1998
1998
1999
2002
2002
2003
2007
2007
2007
2008
2008
2011
2014
2018
2018
2019
2020
2022
2022
2023
2024
2029
2030
2030
2031
2033
2033
2034
2035
2035
2038
2038
2039
2040
2042
2043
2043
2044
2044
2047
2047
2048
2049
2051
2054
2055
2055
2055
2057
2057
2059
2062
2062
2064
2064
2064
2068
2069
2069
2069
2070
2070
2071
2071
2071
2072
2072
2074
2077
2077
2079
2081
2081
2082
2084
2085
2085
2085
2086
2086
2087
2091
2092
2094
2094
2094
2095
2097
2099
2099
2099
2100
2102
2102
2105
2108
2111
2111
2114
2115
2116
2117
2118
2119
2119
2120
2120
2120
2123
2123
2123
2127
2128
2129
2131
2133
2134
2136
2136
2141
2141
2142
2142
2145
2148
2148
2149
2149
2151
2151
2152
2152
2152
2154
2155
2156
2157
2159
2160
2160
2160
2161
2164
2165
2166
2168
2170
2171
2172
2173
2173
2174
2175
2178
2178
2179
2179
2180
2181
2181
2181
2182
2183
2185
2187
2188
2190
2190
2190
2190
2191
2191
2191
2192
2192
2193
2193
2194
2196
2198
2199
2202
2202
2204
2205
2205
2205
2206
2207
2208
2208
2209
2209
2210
2210
2212
2212
2215
2215
2216
2217
2217
2218
2218
2218
2220
2220
2221
2223
2223
2223
2224
2224
2226
2226
2227
2227
2230
2230
2230
2233
2234
2234
2235
2237
2237
2238
2239
2239
2243
2244
2246
2248
2249
2250
2254
2257
2259
2261
2262
2263
2265
2266
2269
2272
2274
2275
2275
2276
2277
2278
2278
2282
2284
2284
2284
2289
2294
2295
2299
2299
2299
2300
2301
2303
2305
2306
2306
2310
2310
2311
2314
2315
2316
2318
2319
2320
2321
2321
2322
2322
2323
2327
2328
2328
2329
2331
2331
2332
2333
2335
2335
2335
2335
2336
2337
2337
2338
2345
2347
2349
2350
2351
2352
2356
2358
2359
2363
2365
2366
2367
2368
2368
2368
2369
2370
2370
2372
2372
2373
2374
2376
2377
2377
2385
2385
2385
2385
2387
2388
2389
2389
2394
2394
2394
2394
2394
2396
2398
2401
2403
2405
2405
2407
2409
2409
2410
2411
2411
2414
2414
2415
2416
2416
2416
2416
2419
2422
2424
2425
2427
2427
2428
2428
2429
2431
2431
2432
2432
2434
2435
2435
2438
2439
2439
2439
2441
2441
2442
2445
2447
2449
2450
2452
2453
2456
2456
2458
2458
2459
2461
2461
2461
2462
2463
2463
2464
2465
2465
2466
2467
2467
2469
2469
2472
2472
2473
2475
2477
2477
2479
2482
2482
2483
2488
2488
2490
2491
2494
2495
2495
2497
2498
2501
2501
2502
2503
2503
2506
2506
2506
2507
2510
2511
2512
2512
2513
2513
2514
2516
2516
2517
2518
2520
2520
2521
2521
2524
2524
2525
2526
2530
2531
2531
2533
2535
2537
2537
2537
2539
2539
2539
2540
2540
2542
2544
2545
2548
2549
2549
2550
2551
2554
2554
2555
2555
2556
2558
2560
2561
2562
2563
2563
2565
2565
2567
2567
2569
2570
2571
2573
2574
2575
2575
2577
2577
2579
2583
2584
2585
2585
2587
2587
2587
2587
2590
2590
2591
2592
2593
2593
2594
2595
2595
2595
2596
2598
2599
2599
2601
2601
2602
2603
2604
2606
2606
2607
2607
2608
2609
2609
2610
2611
2612
2613
2614
2614
2615
2616
2617
2618
2620
2621
2622
2623
2623
2624
2625
2626
2626
2631
2631
2631
2632
2633
2634
2636
2637
2638
2638
2640
2645
2646
2647
2647
2648
2649
2651
2652
2654
2655
2657
2657
2658
2660
2663
2665
2666
2667
2667
2667
2668
2672
2673
2674
2674
2675
2676
2677
2678
2678
2679
2681
2682
2682
2683
2685
2686
2687
2691
2691
2692
2692
2693
2695
2695
2697
2698
2701
2701
2702
2702
2702
2704
2704
2705
2707
2707
2708
2709
2711
2711
2713
2714
2716
2718
2718
2718
2720
2722
2723
2724
2727
2728
2728
2729
2729
2729
2730
2731
2733
2734
2734
2736
2736
2736
2736
2737
2739
2743
2745
2745
2745
2748
2750
2751
2753
2755
2756
2757
2758
2758
2759
2760
2761
2761
2765
2766
2766
2767
2767
2768
2769
2770
2770
2772
2772
2773
2773
2774
2775
2775
2776
2776
2778
2779
2779
2779
2781
2782
2786
2786
2786
2787
2787
2788
2789
2789
2792
2792
2793
2795
2796
2797
2797
2801
2801
2802
2802
2803
2803
2805
2805
2806
2809
2809
2812
2813
2814
2815
2815
2817
2818
2818
2819
2820
2820
2821
2824
2824
2825
2829
2829
2829
2833
2833
2837
2837
2839
2839
2840
2840
2841
2844
2845
2846
2853
2854
2856
2857
2858
2859
2859
2859
2860
2861
2861
2862
2864
2864
2865
2865
2866
2867
2868
2868
2869
2870
2875
2876
2876
2876
2878
2879
2882
2883
2883
2883
2886
2886
2886
2891
2895
2896
2897
2898
2900
2901
2903
2903
2903
2904
2905
2906
2908
2908
2908
2908
2909
2910
2913
2913
2914
2916
2921
2931
2934
2935
2935
2937
2937
2941
2942
2942
2943
2944
2944
2944
2944
2944
2946
2949
2955
2956
2956
2959
2959
2960
2961
2963
2964
2964
2964
2968
2977
2980
2980
2981
2981
2982
2984
2985
2985
2986
2987
2988
2988
2989
2989
2989
2989
2989
2989
2989
2990
2992
2992
2992
2994
2997
3000
3002
3002
3002
3003
3005
3007
3009
3009
3012
3012
3015
3017
3018
3021
3021
3021
3021
3022
3023
3023
3024
3027
3029
3032
3033
3034
3034
3036
3037
3038
3038
3038
3038
3040
3042
3043
3045
3046
3047
3047
3048
3049
3049
3050
3051
3051
3051
3051
3053
3054
3057
3059
3060
3061
3061
3062
3063
3063
3063
3064
3066
3067
3068
3068
3069
3070
3072
3073
3073
3074
3074
3074
3075
3077
3077
3078
3081
3083
3083
3084
3084
3086
3086
3087
3088
3088
3091
3092
3092
3093
3093
3094
3094
3094
3094
3095
3095
3095
3096
3097
3098
3098
3100
3101
3103
3106
3106
3108
3109
3109
3111
3111
3112
3113
3116
3117
3119
3119
3120
3124
3126
3126
3127
3127
3128
3128
3128
3132
3134
3134
3134
3134
3137
3138
3138
3138
3138
3140
3141
3142
3143
3146
3146
3150
3150
3151
3151
3151
3152
3153
3156
3156
3158
3158
3158
3160
3160
3161
3161
3161
3162
3163
3163
3165
3166
3167
3168
3168
3170
3172
3175
3176
3176
3180
3180
3181
3181
3183
3183
3184
3184
3189
3189
3190
3192
3193
3193
3194
3194
3194
3194
3199
3199
3201
3202
3203
3203
3203
3204
3205
3206
3206
3207
3208
3209
3210
3212
3214
3215
3215
3215
3215
3215
3216
3216
3218
3219
3221
3221
3222
3223
3223
3224
3226
3226
3227
3227
3230
3230
3234
3234
3236
3238
3238
3239
3242
3243
3244
3245
3246
3246
3247
3247
3247
3250
3254
3257
3258
3259
3259
3261
3262
3263
3264
3265
3267
3270
3271
3272
3273
3274
3277
3277
3278
3279
3279
3280
3280
3280
3284
3287
3287
3288
3289
3291
3294
3295
3297
3300
3300
3300
3306
3307
3308
3309
3309
3313
3314
3315
3317
3318
3318
3318
3320
3320
3321
3321
3321
3322
3323
3324
3324
3325
3325
3327
3327
3327
3328
3329
3332
3332
3333
3334
3334
3336
3336
3337
3338
3339
3341
3344
3344
3347
3348
3348
3349
3350
3351
3352
3353
3353
3355
3356
3358
3358
3359
3361
3362
3362
3366
3368
3368
3368
3368
3369
3371
3379
3380
3380
3381
3383
3383
3384
3385
3386
3389
3390
3391
3392
3392
3394
3395
3396
3396
3398
3398
3399
3400
3400
3403
3403
3404
3406
3406
3408
3409
3409
3410
3411
3412
3413
3413
3414
3414
3415
3415
3416
3416
3417
3418
3419
3419
3419
3421
3422
3423
3427
3428
3429
3430
3430
3430
3431
3432
3434
3435
3437
3437
3438
3438
3439
3441
3443
3443
3447
3447
3449
3450
3453
3454
3454
3456
3457
3457
3462
3463
3464
3465
3466
3466
3467
3468
3469
3470
3471
3471
3472
3472
3472
3472
3473
3475
3475
3476
3482
3482
3483
3483
3484
3484
3485
3490
3490
3490
3494
3494
3495
3496
3497
3498
3498
3500
3501
3502
3502
3503
3505
3505
3506
3509
3510
3513
3514
3515
3517
3517
3518
3519
3520
3520
3520
3524
3525
3525
3525
3527
3528
3528
3528
3533
3535
3535
3535
3535
3535
3535
3536
3540
3543
3544
3544
3546
3547
3548
3549
3550
3552
3552
3552
3555
3556
3557
3559
3559
3560
3561
3562
3562
3563
3563
3563
3563
3564
3565
3567
3568
3568
3569
3572
3572
3573
3576
3576
3576
3576
3578
3578
3581
3581
3584
3584
3584
3585
3585
3585
3588
3589
3589
3590
3592
3592
3593
3593
3594
3595
3595
3597
3599
3599
3599
3601
3603
3603
3604
3605
3605
3605
3607
3608
3608
3608
3609
3609
3610
3612
3612
3613
3613
3614
3615
3615
3616
3617
3618
3620
3620
3620
3623
3623
3623
3625
3626
3626
3626
3627
3627
3628
3628
3632
3632
3632
3634
3634
3635
3635
3636
3636
3637
3638
3638
3638
3639
3639
3641
3641
3642
3643
3645
3646
3647
3648
3649
3649
3650
3653
3657
3658
3659
3661
3664
3664
3665
3667
3668
3670
3671
3671
3672
3672
3673
3674
3676
3676
3677
3678
3681
3681
3683
3684
3685
3685
3690
3690
3690
3691
3691
3691
3692
3692
3692
3692
3693
3694
3695
3698
3699
3701
3701
3701
3702
3702
3703
3704
3705
3706
3708
3708
3708
3709
3710
3710
3710
3712
3712
3713
3715
3717
3717
3717
3718
3719
3719
3722
3722
3723
3723
3724
3724
3725
3725
3727
3728
3728
3729
3729
3730
3732
3732
3733
3733
3735
3736
3739
3739
3740
3740
3742
3742
3744
3744
3746
3748
3749
3749
3750
3751
3751
3752
3752
3754
3755
3755
3756
3756
3757
3758
3759
3759
3759
3761
3761
3762
3764
3764
3765
3765
3767
3770
3771
3771
3771
3771
3772
3772
3772
3773
3774
3775
3775
3775
3778
3779
3780
3780
3784
3787
3788
3788
3790
3790
3790
3792
3792
3796
3797
3801
3802
3805
3806
3810
3811
3811
3816
3819
3821
3823
3824
3825
3826
3829
3829
3830
3831
3832
3832
3834
3835
3835
3836
3837
3838
3838
3839
3841
3845
3847
3850
3851
3851
3851
3856
3857
3857
3859
3859
3859
3859
3859
3861
3861
3862
3864
3866
3867
3870
3870
3871
3872
3873
3873
3876
3876
3877
3878
3880
3880
3881
3882
3884
3884
3884
3885
3886
3887
3887
3887
3888
3888
3888
3889
3891
3892
3892
3892
3895
3896
3896
3896
3897
3900
3903
3907
3907
3909
3909
3910
3912
3913
3915
3918
3919
3922
3922
3923
3923
3925
3925
3926
3927
3928
3929
3930
3931
3932
3932
3932
3935
3936
3936
3936
3939
3940
3944
3945
3945
3945
3945
3946
3947
3949
3951
3952
3953
3953
3953
3954
3955
3958
3959
3962
3963
3965
3966
3967
3968
3972
3974
3976
3976
3977
3978
3979
3980
3980
3981
3981
3984
3984
3987
3987
3988
3992
3993
3994
3996
3997
4000
4001
4003
4007
4008
4008
4009
4010
4011
4012
4013
4014
4015
4021
4021
4021
4025
4026
4026
4029
4030
4031
4032
4035
4036
4036
4036
4036
4036
4037
4039
4042
4042
4043
4044
4045
4045
4045
4045
4049
4052
4053
4054
4055
4056
4057
4058
4058
4058
4058
4059
4062
4063
4063
4064
4066
4068
4071
4074
4075
4077
4077
4079
4079
4080
4080
4081
4081
4081
4083
4084
4089
4089
4089
4090
4090
4091
4095
4095
4095
4096
4097
4097
4097
4097
4097
4098
4100
4103
4104
4105
4107
4108
4108
4112
4113
4113
4115
4117
4117
4121
4121
4121
4123
4124
4124
4125
4125
4127
4128
4129
4129
4135
4136
4137
4141
4141
4141
4143
4147
4147
4149
4154
4154
4154
4155
4157
4158
4161
4163
4164
4165
4166
4170
4170
4171
4171
4172
4173
4174
4174
4176
4177
4178
4178
4180
4184
4185
4187
4188
4189
4191
4191
4191
4194
4196
4196
4199
4199
4201
4202
4202
4202
4205
4205
4207
4208
4209
4210
4212
4214
4214
4215
4215
4216
4217
4218
4219
4222
4224
4226
4226
4227
4228
4228
4228
4230
4238
4239
4242
4242
4245
4247
4249
4250
4253
4254
4254
4256
4257
4258
4258
4258
4260
4261
4261
4264
4264
4266
4268
4268
4269
4269
4270
4270
4271
4271
4273
4275
4277
4277
4278
4279
4281
4282
4282
4282
4284
4285
4286
4286
4287
4287
4290
4291
4293
4295
4298
4298
4301
4302
4304
4304
4305
4307
4310
4310
4311
4311
4311
4312
4314
4316
4317
4318
4318
4319
4319
4320
4321
4322
4323
4324
4325
4326
4326
4326
4326
4326
4330
4331
4331
4332
4333
4334
4334
4335
4335
4336
4337
4337
4339
4339
4340
4341
4343
4345
4345
4346
4348
4349
4350
4350
4352
4353
4353
4355
4356
4356
4357
4357
4358
4360
4361
4361
4363
4363
4366
4366
4368
4369
4370
4373
4373
4373
4374
4374
4375
4375
4376
4376
4378
4379
4379
4379
4382
4383
4384
4386
4388
4389
4390
4390
4391
4395
4397
4397
4398
4398
4399
4400
4400
4400
4401
4401
4404
4405
4406
4412
4412
4414
4414
4414
4417
4421
4421
4423
4425
4426
4428
4428
4429
4430
4430
4430
4432
4432
4432
4433
4434
4434
4436
4439
4439
4445
4447
4448
4450
4450
4452
4452
4453
4453
4454
4454
4455
4457
4459
4461
4465
4466
4467
4468
4469
4470
4472
4473
4474
4474
4475
4476
4477
4479
4480
4481
4482
4482
4483
4484
4485
4487
4487
4490
4490
4490
4490
4491
4496
4496
4499
4500
4500
4501
4501
4502
4504
4505
4506
4507
4510
4510
4511
4512
4512
4513
4513
4520
4520
4521
4523
4524
4524
4525
4526
4527
4528
4529
4530
4530
4530
4531
4531
4533
4533
4533
4534
4536
4537
4537
4538
4543
4543
4544
4544
4545
4546
4547
4547
4548
4548
4549
4549
4551
4553
4553
4554
4556
4558
4558
4558
4559
4560
4560
4561
4562
4562
4563
4563
4564
4564
4567
4571
4573
4575
4575
4575
4576
4577
4579
4582
4583
4583
4584
4585
4586
4586
4586
4587
4587
4588
4589
4589
4590
4590
4592
4594
4594
4595
4596
4598
4599
4599
4599
4599
4604
4604
4605
4605
4607
4608
4609
4609
4610
4611
4612
4614
4614
4614
4615
4615
4616
4617
4618
4619
4619
4625
4627
4628
4628
4628
4630
4631
4637
4637
4638
4641
4641
4641
4642
4642
4644
4644
4644
4645
4646
4647
4648
4649
4649
4651
4653
4653
4653
4654
4654
4655
4655
4657
4658
4661
4661
4663
4663
4668
4669
4671
4671
4672
4674
4675
4676
4677
4677
4677
4679
4679
4682
4683
4685
4685
4686
4687
4687
4687
4688
4691
4691
4692
4693
4694
4695
4696
4696
4696
4699
4700
4700
4700
4703
4703
4703
4704
4704
4705
4707
4708
4710
4714
4716
4717
4719
4719
4719
4720
4721
4722
4723
4723
4725
4726
4727
4727
4728
4732
4735
4736
4737
4737
4737
4738
4741
4741
4741
4745
4745
4745
4745
4746
4747
4748
4751
4752
4752
4754
4759
4760
4760
4760
4761
4762
4763
4764
4764
4765
4765
4766
4768
4772
4772
4774
4776
4776
4778
4778
4778
4778
4781
4781
4781
4781
4781
4782
4784
4786
4787
4787
4787
4790
4791
4791
4797
4799
4799
4800
4807
4807
4808
4808
4809
4809
4809
4813
4815
4816
4816
4818
4818
4818
4821
4822
4822
4822
4823
4823
4823
4823
4824
4824
4825
4825
4826
4826
4829
4829
4830
4832
4832
4833
4834
4840
4842
4843
4845
4846
4847
4848
4849
4849
4850
4850
4851
4852
4852
4853
4854
4855
4855
4855
4856
4857
4858
4858
4859
4860
4861
4861
4861
4862
4863
4863
4870
4873
4873
4873
4874
4876
4877
4877
4877
4881
4881
4881
4884
4884
4892
4893
4895
4895
4896
4898
4901
4903
4904
4905
4905
4905
4906
4907
4909
4909
4915
4916
4917
4918
4920
4920
4922
4923
4923
4923
4923
4924
4924
4924
4925
4926
4927
4928
4928
4929
4930
4931
4936
4937
4939
4939
4941
4941
4941
4942
4942
4943
4943
4944
4946
4946
4947
4948
4950
4951
4951
4951
4951
4951
4952
4953
4954
4954
4955
4958
4958
4958
4958
4961
4962
4963
4963
4964
4965
4965
4965
4966
4969
4969
4970
4971
4972
4974
4978
4978
4980
4980
4981
4983
4984
4986
4986
4990
4991
4994
4994
4995
4996
4998
4998
4999
4999
4999
4999
4999
4999
5002
5004
5004
5005
5006
5007
5009
5010
5011
5011
5012
5012
5012
5013
5015
5017
5018
5019
5022
5022
5023
5023
5024
5027
5027
5028
5029
5029
5029
5030
5031
5031
5032
5033
5034
5036
5037
5037
5038
5038
5039
5039
5040
5041
5041
5041
5043
5045
5045
5046
5048
5049
5049
5049
5051
5051
5053
5054
5054
5056
5056
5057
5057
5058
5062
5062
5066
5068
5069
5070
5071
5072
5073
5077
5077
5079
5080
5081
5081
5083
5083
5084
5085
5085
5086
5087
5087
5088
5088
5090
5090
5091
5094
5095
5096
5097
5099
5100
5100
5104
5104
5104
5104
5105
5106
5106
5107
5108
5108
5110
5111
5111
5111
5112
5116
5118
5119
5120
5121
5122
5123
5123
5125
5125
5125
5125
5127
5128
5128
5129
5129
5130
5131
5131
5131
5132
5132
5133
5134
5135
5137
5137
5138
5139
5139
5140
5140
5140
5141
5142
5143
5144
5144
5145
5146
5149
5149
5150
5152
5153
5154
5154
5156
5157
5160
5161
5161
5162
5163
5167
5168
5170
5171
5173
5174
5175
5175
5176
5177
5179
5182
5185
5185
5187
5188
5188
5188
5189
5189
5190
5190
5190
5192
5192
5194
5194
5194
5195
5198
5199
5199
5200
5200
5200
5200
5201
5202
5202
5202
5204
5206
5206
5206
5206
5206
5207
5208
5208
5208
5210
5210
5213
5217
5218
5218
5219
5221
5223
5223
5224
5224
5225
5227
5227
5229
5229
5230
5231
5231
5232
5233
5233
5235
5236
5236
5239
5239
5239
5240
5240
5242
5243
5244
5244
5247
5247
5247
5250
5253
5257
5257
5258
5259
5260
5261
5266
5267
5267
5268
5269
5270
5271
5272
5273
5274
5274
5276
5278
5278
5281
5282
5283
5284
5284
5284
5286
5288
5289
5292
5292
5294
5298
5298
5298
5300
5301
5302
5302
5303
5304
5305
5305
5306
5306
5306
5308
5308
5308
5311
5312
5312
5312
5314
5316
5316
5317
5318
5321
5321
5321
5322
5322
5322
5323
5324
5328
5328
5329
5330
5331
5333
5333
5333
5334
5334
5334
5338
5339
5339
5339
5340
5341
5341
5341
5341
5341
5342
5342
5342
5344
5344
5345
5346
5346
5347
5349
5350
5351
5351
5352
5353
5353
5353
5357
5357
5358
5358
5359
5363
5366
5366
5367
5368
5368
5370
5373
5374
5374
5377
5379
5379
5383
5383
5384
5384
5385
5386
5387
5387
5388
5389
5389
5389
5390
5391
5392
5397
5399
5399
5399
5400
5401
5402
5403
5406
5407
5407
5407
5408
5411
5416
5416
5418
5418
5418
5419
5420
5420
5421
5423
5424
5427
5429
5430
5430
5431
5438
5438
5439
5439
5439
5442
5443
5446
5447
5448
5448
5448
5448
5450
5451
5453
5453
5453
5456
5456
5457
5459
5460
5460
5461
5461
5461
5462
5463
5463
5465
5465
5467
5470
5470
5470
5471
5471
5472
5473
5474
5474
5475
5476
5477
5479
5482
5483
5483
5484
5486
5489
5490
5492
5492
5492
5492
5494
5494
5495
5495
5498
5498
5499
5499
5500
5501
5502
5502
5503
5503
5505
5508
5508
5509
5509
5511
5511
5511
5513
5514
5515
5517
5519
5519
5521
5521
5521
5522
5526
5527
5528
5530
5531
5532
5535
5536
5540
5545
5546
5546
5548
5550
5551
5551
5552
5552
5552
5553
5556
5556
5557
5557
5560
5560
5561
5563
5563
5563
5563
5564
5567
5569
5570
5571
5573
5575
5575
5576
5577
5578
5578
5581
5581
5582
5582
5583
5584
5585
5587
5587
5587
5591
5592
5596
5599
5603
5603
5603
5605
5606
5606
5606
5607
5609
5609
5610
5612
5612
5612
5617
5618
5619
5619
5619
5620
5620
5621
5622
5622
5626
5626
5626
5627
5627
5629
5629
5632
5633
5634
5636
5638
5638
5638
5638
5639
5642
5642
5642
5643
5644
5650
5650
5651
5651
5652
5652
5653
5658
5660
5661
5661
5663
5663
5664
5667
5668
5668
5668
5668
5671
5672
5672
5673
5673
5673
5674
5676
5677
5680
5681
5681
5685
5687
5688
5688
5688
5690
5691
5693
5693
5699
5699
5699
5700
5701
5702
5703
5704
5706
5707
5707
5708
5709
5712
5713
5713
5714
5715
5716
5717
5718
5719
5722
5726
5728
5728
5731
5734
5737
5737
5738
5738
5740
5741
5743
5744
5745
5747
5748
5748
5748
5750
5751
5751
5753
5760
5762
5762
5762
5762
5763
5764
5765
5765
5765
5766
5766
5767
5767
5767
5768
5768
5769
5769
5770
5779
5779
5780
5783
5783
5784
5785
5786
5787
5788
5789
5789
5790
5791
5791
5795
5796
5796
5797
5798
5798
5798
5799
5799
5801
5801
5801
5802
5803
5804
5804
5804
5804
5808
5808
5809
5810
5811
5812
5813
5814
5815
5815
5816
5818
5819
5821
5821
5823
5824
5825
5829
5831
5834
5834
5835
5835
5836
5837
5838
5838
5841
5841
5842
5842
5842
5844
5844
5844
5846
5848
5849
5849
5850
5854
5856
5858
5859
5861
5863
5864
5865
5866
5866
5867
5868
5869
5870
5870
5872
5873
5874
5875
5876
5878
5879
5879
5880
5881
5884
5885
5886
5887
5888
5888
5888
5891
5891
5892
5894
5894
5895
5895
5898
5898
5900
5900
5903
5903
5903
5904
5904
5906
5906
5907
5908
5909
5909
5910
5911
5911
5912
5913
5915
5915
5916
5916
5917
5918
5918
5919
5919
5919
5922
5926
5926
5927
5928
5930
5930
5931
5933
5933
5934
5934
5937
5937
5939
5940
5942
5942
5942
5943
5943
5944
5945
5947
5948
5949
5949
5949
5951
5952
5953
5955
5957
5959
5961
5962
5962
5964
5964
5965
5969
5970
5970
5972
5974
5975
5977
5977
5979
5980
5981
5981
5982
5984
5987
5987
5988
5990
5990
5990
5993
5993
5995
5995
5995
5996
5998
5999
5999
6001
6006
6006
6007
6008
6008
6008
6009
6010
6012
6015
6015
6017
6017
6018
6018
6025
6026
6026
6026
6026
6026
6028
6028
6030
6030
6030
6032
6032
6033
6033
6036
6036
6038
6040
6042
6042
6043
6043
6044
6044
6046
6047
6050
6051
6054
6055
6055
6057
6057
6059
6059
6060
6062
6062
6063
6065
6066
6068
6070
6072
6073
6075
6076
6077
6078
6079
6080
6081
6082
6083
6084
6084
6086
6086
6088
6089
6090
6091
6092
6092
6093
6094
6094
6096
6096
6097
6098
6098
6098
6099
6101
6102
6103
6105
6105
6107
6110
6112
6112
6112
6113
6120
6120
6122
6122
6123
6125
6127
6127
6129
6130
6131
6131
6132
6132
6133
6133
6136
6137
6141
6142
6143
6144
6145
6149
6152
6152
6153
6153
6159
6159
6160
6160
6163
6164
6165
6169
6170
6172
6174
6176
6178
6178
6179
6179
6180
6181
6182
6184
6185
6186
6187
6190
6191
6192
6192
6193
6194
6195
6196
6197
6198
6199
6199
6200
6203
6204
6205
6205
6205
6206
6208
6211
6212
6212
6213
6216
6216
6216
6218
6220
6220
6223
6223
6223
6224
6228
6230
6230
6231
6232
6232
6233
6234
6235
6236
6238
6238
6241
6243
6243
6244
6246
6248
6250
6251
6253
6254
6257
6258
6260
6260
6260
6261
6263
6265
6269
6270
6270
6272
6272
6272
6272
6273
6273
6276
6277
6278
6278
6279
6279
6282
6282
6283
6284
6285
6287
6289
6293
6293
6294
6296
6298
6303
6303
6304
6304
6306
6306
6307
6308
6309
6311
6311
6312
6315
6316
6318
6319
6319
6321
6321
6321
6323
6324
6325
6326
6328
6329
6332
6332
6333
6334
6335
6337
6339
6340
6340
6342
6343
6343
6344
6346
6347
6347
6347
6348
6350
6355
6355
6357
6358
6361
6362
6363
6363
6364
6364
6364
6365
6365
6367
6370
6371
6372
6373
6375
6376
6376
6377
6380
6383
6384
6385
6385
6388
6389
6390
6391
6395
6397
6398
6402
6405
6405
6408
6409
6410
6411
6411
6412
6414
6415
6416
6416
6417
6417
6418
6420
6420
6421
6424
6425
6425
6425
6427
6427
6427
6427
6428
6431
6431
6432
6433
6433
6434
6434
6435
6437
6438
6438
6438
6439
6439
6442
6443
6444
6444
6444
6445
6446
6446
6446
6448
6449
6449
6450
6451
6451
6452
6455
6456
6459
6460
6462
6463
6465
6466
6469
6474
6475
6475
6476
6477
6478
6478
6479
6480
6484
6485
6485
6485
6487
6489
6490
6491
6492
6493
6495
6495
6495
6497
6497
6499
6501
6501
6502
6504
6504
6505
6505
6507
6507
6510
6512
6514
6514
6518
6518
6520
6520
6524
6524
6524
6525
6525
6527
6527
6528
6528
6531
6535
6537
6540
6540
6541
6541
6541
6544
6546
6547
6551
6554
6555
6556
6561
6562
6563
6563
6564
6565
6566
6570
6571
6571
6575
6575
6577
6579
6579
6580
6580
6580
6582
6582
6586
6588
6590
6591
6591
6592
6593
6594
6594
6595
6595
6597
6598
6599
6599
6600
6601
6602
6602
6602
6604
6606
6607
6608
6609
6612
6614
6614
6616
6616
6616
6618
6618
6618
6621
6621
6622
6622
6623
6623
6627
6627
6630
6630
6630
6631
6634
6635
6636
6637
6641
6642
6643
6643
6645
6646
6647
6649
6650
6651
6651
6651
6654
6654
6655
6656
6656
6656
6657
6659
6660
6663
6664
6664
6664
6665
6666
6666
6667
6667
6668
6669
6670
6671
6672
6672
6673
6682
6682
6686
6686
6688
6689
6689
6690
6690
6693
6694
6695
6695
6696
6696
6697
6697
6700
6702
6703
6705
6705
6707
6708
6708
6709
6709
6709
6710
6711
6712
6713
6717
6717
6720
6721
6721
6725
6725
6727
6728
6730
6731
6731
6734
6736
6736
6736
6737
6737
6737
6742
6743
6743
6744
6747
6748
6749
6749
6749
6749
6754
6755
6756
6756
6756
6757
6758
6762
6764
6765
6768
6770
6771
6771
6772
6776
6776
6778
6779
6781
6781
6783
6785
6787
6787
6789
6790
6791
6793
6795
6797
6799
6800
6802
6802
6803
6804
6807
6808
6808
6809
6812
6812
6815
6816
6816
6817
6817
6817
6818
6819
6819
6819
6820
6822
6823
6826
6829
6829
6829
6829
6830
6831
6831
6831
6833
6833
6836
6838
6839
6842
6843
6843
6844
6846
6846
6846
6848
6850
6851
6855
6856
6857
6857
6857
6860
6861
6862
6863
6864
6864
6865
6867
6869
6869
6870
6870
6872
6872
6874
6874
6875
6878
6878
6878
6879
6880
6880
6883
6883
6884
6886
6887
6888
6889
6890
6890
6891
6892
6893
6895
6899
6902
6902
6903
6904
6905
6905
6906
6908
6909
6910
6912
6913
6915
6916
6918
6918
6919
6920
6920
6921
6921
6922
6922
6923
6924
6924
6925
6925
6927
6929
6929
6930
6931
6932
6933
6934
6934
6935
6935
6937
6938
6938
6940
6942
6943
6943
6945
6948
6949
6952
6953
6953
6953
6953
6954
6954
6956
6957
6957
6958
6958
6964
6965
6966
6966
6967
6967
6967
6968
6968
6969
6970
6971
6971
6972
6972
6974
6974
6978
6979
6980
6981
6982
6982
6982
6983
6984
6986
6987
6988
6988
6990
6991
6992
6995
6998
7001
7002
7003
7003
7003
7006
7006
7006
7010
7011
7012
7013
7015
7016
7016
7016
7016
7017
7017
7017
7018
7023
7023
7026
7027
7027
7031
7032
7033
7034
7035
7035
7035
7037
7038
7038
7039
7039
7040
7043
7043
7045
7046
7046
7046
7047
7048
7048
7049
7051
7052
7052
7053
7053
7053
7053
7054
7056
7058
7061
7062
7062
7064
7067
7067
7068
7069
7070
7070
7071
7072
7072
7073
7073
7074
7075
7081
7082
7082
7083
7085
7085
7087
7087
7091
7092
7094
7094
7095
7096
7096
7096
7097
7099
7099
7100
7102
7103
7103
7104
7105
7106
7107
7108
7108
7108
7109
7110
7111
7111
7111
7111
7113
7114
7118
7120
7122
7122
7125
7125
7127
7128
7129
7131
7132
7132
7133
7135
7135
7135
7135
7136
7138
7138
7139
7139
7143
7143
7146
7148
7150
7150
7151
7152
7153
7153
7155
7156
7157
7157
7158
7160
7161
7164
7164
7165
7166
7168
7171
7173
7176
7180
7180
7181
7182
7184
7185
7186
7186
7187
7190
7193
7195
7196
7196
7196
7198
7198
7199
7200
7200
7200
7201
7204
7204
7205
7207
7211
7211
7211
7212
7212
7213
7213
7213
7213
7214
7214
7217
7219
7220
7222
7223
7224
7224
7225
7226
7226
7228
7229
7234
7234
7236
7236
7237
7239
7240
7242
7242
7243
7244
7244
7247
7248
7249
7252
7252
7255
7257
7257
7258
7259
7259
7260
7262
7263
7263
7264
7265
7265
7268
7272
7274
7274
7276
7277
7278
7279
7281
7285
7285
7287
7287
7288
7289
7289
7289
7290
7291
7292
7293
7294
7294
7295
7296
7298
7300
7300
7300
7300
7305
7305
7306
7309
7309
7310
7311
7312
7313
7313
7313
7314
7314
7315
7318
7319
7320
7322
7322
7324
7324
7326
7328
7329
7329
7330
7331
7333
7334
7334
7335
7336
7337
7338
7340
7342
7343
7344
7345
7348
7348
7351
7353
7353
7354
7356
7357
7357
7359
7362
7365
7366
7366
7367
7368
7368
7369
7371
7371
7372
7372
7372
7376
7378
7381
7383
7385
7385
7385
7386
7386
7387
7387
7389
7389
7389
7390
7391
7391
7391
7392
7398
7398
7398
7399
7402
7404
7404
7405
7407
7408
7408
7409
7411
7411
7412
7415
7416
7416
7417
7420
7426
7426
7427
7430
7431
7431
7431
7432
7433
7434
7436
7437
7440
7444
7448
7450
7450
7451
7451
7452
7454
7454
7455
7456
7456
7458
7460
7462
7462
7463
7463
7463
7464
7466
7469
7473
7475
7475
7476
7477
7478
7479
7480
7480
7480
7481
7481
7483
7483
7485
7485
7486
7487
7488
7488
7491
7491
7491
7494
7494
7496
7498
7499
7499
7500
7501
7503
7504
7504
7506
7506
7507
7508
7508
7509
7509
7511
7512
7512
7512
7514
7516
7516
7517
7518
7518
7519
7519
7521
7522
7522
7523
7523
7523
7524
7529
7530
7530
7534
7534
7535
7536
7536
7543
7543
7546
7546
7546
7547
7548
7549
7550
7550
7550
7550
7551
7551
7552
7553
7554
7554
7555
7555
7556
7558
7559
7560
7560
7562
7562
7562
7563
7564
7565
7567
7569
7569
7569
7570
7572
7573
7576
7577
7578
7580
7580
7581
7582
7582
7583
7584
7584
7585
7585
7585
7586
7586
7587
7588
7588
7589
7590
7591
7591
7591
7593
7594
7594
7594
7594
7594
7595
7596
7596
7597
7598
7598
7598
7598
7599
7599
7601
7602
7604
7605
7605
7606
7607
7607
7608
7609
7609
7610
7613
7613
7615
7617
7617
7617
7618
7623
7625
7626
7626
7628
7632
7632
7632
7634
7636
7636
7636
7637
7638
7638
7639
7640
7640
7641
7641
7643
7645
7645
7649
7651
7655
7655
7655
7655
7659
7659
7659
7660
7660
7662
7662
7663
7665
7668
7668
7670
7670
7675
7675
7675
7676
7677
7678
7678
7679
7679
7680
7681
7683
7686
7688
7688
7688
7689
7691
7692
7693
7695
7696
7697
7697
7697
7698
7698
7699
7699
7699
7700
7701
7701
7703
7703
7704
7706
7707
7709
7709
7709
7711
7716
7716
7718
7718
7718
7718
7719
7720
7722
7723
7723
7724
7725
7726
7728
7729
7730
7732
7733
7734
7736
7736
7737
7737
7739
7739
7739
7740
7741
7742
7742
7746
7746
7747
7747
7750
7751
7752
7753
7755
7756
7757
7762
7762
7763
7763
7763
7765
7766
7767
7768
7769
7770
7771
7774
7774
7774
7775
7776
7778
7779
7779
7779
7781
7782
7782
7783
7783
7784
7786
7786
7788
7790
7791
7793
7794
7794
7795
7795
7795
7796
7799
7799
7800
7800
7801
7802
7803
7806
7809
7810
7811
7813
7814
7814
7815
7816
7819
7821
7821
7822
7824
7825
7825
7825
7825
7828
7828
7828
7834
7834
7835
7837
7837
7840
7841
7842
7843
7844
7845
7846
7847
7847
7849
7852
7855
7856
7857
7857
7857
7857
7858
7858
7858
7859
7860
7862
7863
7864
7867
7868
7869
7869
7872
7873
7875
7876
7876
7880
7881
7881
7887
7887
7892
7893
7894
7897
7897
7898
7900
7903
7909
7909
7912
7914
7914
7916
7916
7918
7918
7918
7920
7921
7921
7921
7925
7925
7926
7926
7930
7930
7931
7935
7939
7940
7943
7944
7944
7946
7946
7949
7949
7952
7954
7954
7955
7958
7962
7966
7966
7967
7970
7971
7972
7972
7973
7973
7974
7979
7980
7980
7981
7981
7981
7982
7984
7989
7989
7991
7992
7992
7993
7994
7996
7996
7997
7998
7999
8000
8001
8003
8004
8004
8006
8008
8009
8010
8011
8011
8014
8016
8017
8017
8017
8019
8019
8020
8020
8021
8021
8022
8024
8025
8026
8026
8026
8027
8028
8031
8034
8037
8040
8041
8042
8043
8044
8046
8046
8048
8050
8051
8051
8052
8052
8053
8053
8057
8057
8058
8058
8058
8059
8060
8061
8061
8064
8064
8064
8065
8066
8066
8068
8069
8070
8070
8073
8074
8076
8076
8076
8077
8078
8079
8080
8080
8080
8083
8084
8085
8085
8086
8087
8087
8087
8087
8088
8088
8089
8089
8091
8095
8098
8099
8099
8099
8099
8100
8101
8102
8102
8102
8104
8104
8105
8106
8106
8106
8113
8115
8115
8117
8117
8118
8120
8120
8121
8121
8122
8126
8131
8132
8132
8133
8134
8135
8135
8136
8137
8137
8138
8138
8141
8143
8143
8145
8145
8147
8148
8149
8149
8150
8154
8155
8156
8157
8157
8158
8159
8159
8159
8161
8161
8162
8163
8165
8165
8166
8167
8167
8167
8168
8168
8170
8170
8172
8172
8173
8173
8174
8175
8177
8177
8177
8178
8178
8178
8179
8180
8180
8181
8182
8183
8184
8184
8185
8186
8187
8188
8191
8197
8198
8199
8200
8203
8204
8205
8206
8207
8208
8208
8212
8212
8213
8213
8215
8215
8215
8216
8216
8216
8219
8219
8220
8220
8220
8221
8222
8222
8223
8224
8226
8226
8228
8228
8229
8233
8233
8233
8234
8235
8235
8235
8235
8235
8235
8236
8238
8239
8241
8242
8244
8244
8245
8246
8248
8248
8249
8251
8255
8255
8256
8258
8258
8258
8260
8261
8261
8263
8263
8264
8264
8265
8267
8267
8268
8269
8270
8270
8272
8273
8273
8274
8274
8276
8277
8277
8278
8280
8286
8290
8290
8291
8292
8294
8295
8296
8300
8301
8304
8305
8306
8312
8313
8313
8313
8316
8316
8317
8317
8319
8321
8322
8324
8325
8325
8325
8328
8328
8329
8329
8331
8332
8332
8332
8333
8334
8335
8335
8336
8336
8336
8337
8337
8339
8341
8343
8346
8348
8349
8349
8349
8350
8351
8352
8352
8353
8354
8354
8355
8355
8356
8358
8360
8361
8361
8362
8362
8362
8363
8365
8365
8367
8368
8369
8369
8371
8374
8376
8377
8378
8379
8379
8379
8380
8381
8384
8384
8386
8386
8387
8388
8389
8389
8392
8392
8394
8394
8395
8395
8397
8400
8401
8402
8404
8405
8405
8406
8407
8407
8408
8408
8408
8409
8409
8410
8410
8412
8412
8413
8414
8416
8416
8417
8417
8420
8422
8422
8422
8422
8423
8424
8427
8428
8429
8430
8430
8430
8431
8432
8432
8433
8433
8435
8435
8436
8440
8442
8445
8446
8447
8447
8448
8449
8450
8452
8454
8455
8456
8458
8458
8460
8461
8462
8464
8464
8465
8466
8466
8469
8472
8472
8474
8474
8477
8478
8478
8478
8479
8480
8481
8483
8484
8486
8488
8489
8489
8491
8491
8492
8492
8493
8493
8493
8494
8494
8495
8495
8496
8496
8499
8499
8501
8501
8501
8503
8503
8510
8511
8511
8514
8514
8515
8516
8516
8517
8520
8520
8521
8523
8524
8525
8526
8527
8527
8527
8528
8529
8530
8531
8532
8532
8533
8534
8534
8535
8539
8541
8542
8544
8545
8546
8546
8547
8548
8548
8549
8549
8550
8551
8552
8552
8552
8552
8553
8554
8554
8555
8556
8557
8558
8560
8561
8564
8564
8567
8568
8568
8568
8570
8572
8576
8577
8578
8579
8581
8585
8585
8589
8590
8590
8590
8592
8593
8593
8594
8594
8595
8596
8598
8600
8601
8602
8602
8603
8604
8605
8605
8605
8606
8606
8606
8607
8607
8607
8610
8612
8613
8615
8616
8617
8617
8618
8618
8619
8622
8623
8624
8626
8627
8627
8629
8629
8629
8631
8632
8633
8633
8634
8635
8636
8637
8639
8641
8642
8642
8643
8644
8644
8644
8645
8646
8647
8648
8649
8650
8651
8652
8653
8653
8654
8655
8656
8657
8659
8660
8661
8661
8662
8663
8664
8665
8667
8667
8667
8670
8672
8672
8674
8675
8681
8683
8686
8687
8688
8688
8688
8689
8689
8691
8692
8692
8692
8693
8693
8694
8694
8695
8696
8696
8697
8699
8701
8702
8702
8704
8705
8706
8706
8707
8707
8710
8713
8714
8716
8717
8719
8719
8721
8722
8723
8723
8727
8728
8729
8730
8731
8731
8732
8734
8737
8737
8738
8738
8739
8742
8743
8744
8744
8745
8745
8746
8748
8751
8751
8751
8753
8753
8754
8755
8756
8757
8757
8757
8758
8760
8760
8762
8763
8764
8764
8764
8764
8765
8765
8765
8765
8766
8766
8766
8767
8768
8768
8769
8770
8770
8776
8777
8778
8779
8780
8781
8784
8784
8786
8786
8787
8792
8793
8794
8795
8795
8795
8795
8796
8797
8803
8803
8806
8808
8808
8809
8810
8812
8813
8813
8814
8815
8816
8817
8819
8819
8820
8821
8822
8822
8822
8823
8823
8824
8825
8825
8828
8828
8835
8836
8836
8837
8839
8841
8842
8842
8844
8844
8844
8845
8846
8847
8850
8850
8855
8856
8857
8858
8859
8859
8860
8860
8860
8861
8861
8862
8864
8865
8866
8868
8868
8869
8869
8872
8878
8879
8880
8880
8881
8882
8882
8883
8883
8884
8884
8884
8886
8886
8886
8887
8889
8893
8894
8895
8898
8898
8901
8903
8904
8905
8906
8907
8907
8909
8911
8912
8912
8917
8918
8918
8920
8922
8922
8923
8924
8925
8926
8926
8928
8928
8929
8934
8934
8936
8936
8936
8936
8937
8937
8937
8938
8939
8943
8948
8949
8949
8950
8950
8952
8953
8953
8954
8955
8958
8958
8959
8959
8959
8960
8965
8965
8965
8966
8966
8969
8969
8969
8971
8973
8975
8975
8977
8978
8979
8980
8980
8980
8981
8982
8982
8983
8984
8989
8990
8991
8992
8993
8993
8997
8997
8999
9001
9002
9006
9007
9012
9017
9018
9019
9023
9023
9023
9025
9025
9027
9027
9027
9028
9028
9031
9031
9031
9033
9035
9035
9035
9035
9039
9041
9044
9047
9047
9047
9047
9052
9052
9053
9054
9058
9059
9059
9064
9067
9070
9071
9072
9075
9077
9078
9079
9079
9079
9081
9081
9081
9083
9083
9083
9085
9088
9090
9091
9093
9093
9095
9095
9095
9096
9097
9098
9099
9099
9100
9101
9102
9104
9104
9106
9108
9108
9110
9110
9111
9111
9111
9112
9114
9116
9118
9118
9118
9119
9121
9124
9124
9126
9126
9127
9129
9130
9133
9134
9134
9135
9140
9141
9142
9143
9145
9145
9146
9149
9151
9152
9153
9155
9157
9157
9158
9158
9158
9159
9160
9162
9163
9164
9165
9166
9166
9171
9171
9172
9172
9172
9174
9174
9175
9176
9179
9179
9179
9180
9182
9184
9186
9188
9189
9190
9191
9191
9192
9193
9195
9195
9196
9197
9199
9201
9202
9202
9202
9204
9205
9206
9206
9207
9209
9209
9211
9211
9212
9212
9212
9215
9215
9215
9217
9217
9217
9218
9219
9219
9219
9221
9222
9223
9223
9229
9233
9233
9236
9236
9237
9237
9237
9238
9238
9238
9238
9240
9241
9243
9244
9244
9244
9244
9245
9246
9246
9246
9251
9252
9253
9253
9253
9253
9253
9254
9255
9256
9257
9258
9258
9258
9258
9258
9258
9258
9259
9262
9264
9265
9266
9269
9271
9274
9274
9277
9277
9277
9277
9280
9282
9283
9283
9283
9285
9286
9288
9288
9288
9289
9289
9291
9291
9292
9293
9294
9295
9301
9303
9304
9306
9307
9307
9307
9308
9309
9310
9311
9311
9312
9314
9314
9315
9316
9316
9316
9323
9324
9324
9324
9324
9325
9325
9326
9329
9330
9331
9335
9338
9338
9340
9340
9341
9341
9341
9343
9345
9347
9347
9351
9351
9352
9352
9353
9353
9353
9354
9355
9357
9358
9362
9363
9364
9365
9367
9367
9368
9368
9368
9370
9371
9372
9375
9375
9375
9379
9379
9384
9385
9385
9389
9390
9391
9393
9395
9399
9402
9404
9406
9408
9409
9410
9411
9411
9412
9413
9414
9415
9418
9418
9420
9420
9421
9422
9423
9424
9425
9425
9425
9427
9430
9435
9437
9437
9440
9440
9441
9441
9442
9442
9443
9443
9446
9446
9447
9447
9448
9450
9451
9453
9454
9455
9456
9457
9458
9458
9459
9460
9466
9468
9470
9471
9471
9471
9472
9472
9472
9472
9474
9476
9479
9480
9480
9481
9484
9485
9486
9486
9488
9490
9492
9493
9494
9496
9497
9499
9502
9503
9506
9506
9511
9511
9513
9515
9516
9518
9518
9519
9521
9523
9524
9525
9528
9529
9529
9529
9529
9529
9530
9531
9531
9531
9533
9534
9534
9535
9537
9537
9537
9539
9539
9541
9542
9542
9543
9543
9545
9545
9546
9549
9550
9551
9551
9552
9552
9552
9557
9559
9560
9561
9562
9563
9567
9568
9568
9570
9570
9571
9572
9572
9573
9573
9575
9578
9579
9579
9579
9580
9580
9582
9582
9584
9584
9586
9587
9587
9587
9587
9590
9592
9592
9592
9593
9594
9595
9595
9596
9596
9598
9598
9599
9599
9600
9600
9601
9602
9603
9603
9603
9604
9604
9604
9605
9605
9606
9606
9607
9608
9608
9610
9610
9610
9610
9611
9612
9612
9612
9617
9619
9619
9621
9622
9622
9623
9624
9625
9627
9630
9630
9630
9631
9631
9633
9634
9634
9635
9641
9642
9642
9643
9644
9646
9647
9648
9648
9648
9650
9650
9653
9653
9654
9654
9657
9658
9660
9661
9662
9662
9665
9665
9667
9667
9669
9671
9671
9672
9674
9674
9676
9678
9678
9681
9681
9682
9682
9685
9685
9686
9687
9687
9688
9690
9691
9693
9693
9694
9695
9697
9699
9699
9701
9702
9703
9703
9704
9705
9707
9708
9709
9710
9713
9714
9714
9714
9715
9715
9715
9715
9722
9722
9723
9724
9724
9724
9725
9725
9726
9727
9727
9727
9730
9731
9736
9738
9741
9742
9745
9745
9746
9746
9747
9749
9749
9751
9751
9754
9754
9755
9755
9756
9757
9759
9762
9762
9763
9763
9763
9766
9768
9770
9770
9770
9771
9773
9774
9775
9775
9776
9776
9776
9777
9777
9779
9782
9782
9782
9783
9784
9787
9788
9788
9789
9790
9790
9790
9792
9796
9797
9799
9799
9799
9800
9801
9801
9804
9804
9807
9808
9811
9813
9817
9818
9818
9820
9820
9821
9822
9824
9824
9824
9825
9826
9826
9829
9830
9831
9834
9835
9839
9839
9839
9840
9841
9844
9848
9848
9850
9852
9857
9857
9858
9861
9862
9863
9863
9863
9864
9867
9868
9869
9871
9873
9874
9874
9875
9876
9876
9877
9877
9880
9881
9881
9882
9882
9884
9884
9885
9887
9887
9890
9891
9892
9893
9894
9895
9896
9897
9897
9897
9900
9901
9903
9904
9904
9905
9907
9908
9910
9910
9911
9912
9914
9915
9917
9917
9918
9918
9919
9919
9920
9922
9922
9924
9924
9924
9924
9925
9925
9926
9927
9928
9928
9928
9930
9932
9934
9934
9935
9937
9937
9938
9938
9938
9941
9942
9942
9946
9946
9946
9946
9949
9950
9950
9950
9952
9954
9955
9956
9960
9960
9962
9965
9966
9967
9967
9968
9968
9968
9969
9969
9969
9970
9971
9974
9974
9975
9975
9976
9978
9978
9980
9980
9980
9981
9982
9984
9984
9985
9985
9985
9985
9986
9986
9987
9988
9988
9988
9988
9993
9994
9996
